EU_data/Berlin/berlin_slope.asc
ncols         400
nrows         400
xllcorner     4502750
yllcorner     3222000
cellsize      250
NODATA_value  -9999
[rows 256 to 287 of 400, columns 288 to 359 of 400]
0 0 0 0 0.01768 0.01768 0.01768 0.01768 0.05303 0.05303 0.05303 0.05303 0.05303 0.05303 0.05303 0.05303 0.01768 0.01768 0.01768 0.01768 0.08839 0.08839 0.08839 0.08839 0.21866 0.21866 0.21866 0.21866 0.26101 0.26101 0.26101 0.26101 0.18028 0.18028 0.18028 0.18028 0.09014 0.09014 0.09014 0.09014 0.10308 0.10308 0.10308 0.10308 0.01768 0.01768 0.01768 0.01768 0.09014 0.09014 0.09014 0.09014 0.16298 0.16298 0.16298 0.16298 0.08839 0.08839 0.08839 0.08839 0.24622 0.24622 0.24622 0.24622 0.182 0.182 0.182 0.182 0.19764 0.19764 0.19764 0.19764
0 0 0 0 0.01768 0.01768 0.01768 0.01768 0.05303 0.05303 0.05303 0.05303 0.05303 0.05303 0.05303 0.05303 0.01768 0.01768 0.01768 0.01768 0.08839 0.08839 0.08839 0.08839 0.21866 0.21866 0.21866 0.21866 0.26101 0.26101 0.26101 0.26101 0.18028 0.18028 0.18028 0.18028 0.09014 0.09014 0.09014 0.09014 0.10308 0.10308 0.10308 0.10308 0.01768 0.01768 0.01768 0.01768 0.09014 0.09014 0.09014 0.09014 0.16298 0.16298 0.16298 0.16298 0.08839 0.08839 0.08839 0.08839 0.24622 0.24622 0.24622 0.24622 0.182 0.182 0.182 0.182 0.19764 0.19764 0.19764 0.19764
0 0 0 0 0.01768 0.01768 0.01768 0.01768 0.05303 0.05303 0.05303 0.05303 0.05303 0.05303 0.05303 0.05303 0.01768 0.01768 0.01768 0.01768 0.08839 0.08839 0.08839 0.08839 0.21866 0.21866 0.21866 0.21866 0.26101 0.26101 0.26101 0.26101 0.18028 0.18028 0.18028 0.18028 0.09014 0.09014 0.09014 0.09014 0.10308 0.10308 0.10308 0.10308 0.01768 0.01768 0.01768 0.01768 0.09014 0.09014 0.09014 0.09014 0.16298 0.16298 0.16298 0.16298 0.08839 0.08839 0.08839 0.08839 0.24622 0.24622 0.24622 0.24622 0.182 0.182 0.182 0.182 0.19764 0.19764 0.19764 0.19764
0 0 0 0 0.01768 0.01768 0.01768 0.01768 0.05303 0.05303 0.05303 0.05303 0.05303 0.05303 0.05303 0.05303 0.01768 0.01768 0.01768 0.01768 0.08839 0.08839 0.08839 0.08839 0.21866 0.21866 0.21866 0.21866 0.26101 0.26101 0.26101 0.26101 0.18028 0.18028 0.18028 0.18028 0.09014 0.09014 0.09014 0.09014 0.10308 0.10308 0.10308 0.10308 0.01768 0.01768 0.01768 0.01768 0.09014 0.09014 0.09014 0.09014 0.16298 0.16298 0.16298 0.16298 0.08839 0.08839 0.08839 0.08839 0.24622 0.24622 0.24622 0.24622 0.182 0.182 0.182 0.182 0.19764 0.19764 0.19764 0.19764
0 0 0 0 0 0 0 0 0.01768 0.01768 0.01768 0.01768 0.05303 0.05303 0.05303 0.05303 0.0559 0.0559 0.0559 0.0559 0.03953 0.03953 0.03953 0.03953 0.01768 0.01768 0.01768 0.01768 0.0952 0.0952 0.0952 0.0952 0.22981 0.22981 0.22981 0.22981 0.26575 0.26575 0.26575 0.26575 0.10308 0.10308 0.10308 0.10308 0.03536 0.03536 0.03536 0.03536 0.14252 0.14252 0.14252 0.14252 0.1118 0.1118 0.1118 0.1118 0.19121 0.19121 0.19121 0.19121 0.30873 0.30873 0.30873 0.30873 0.20156 0.20156 0.20156 0.20156 0.34821 0.34821 0.34821 0.34821
0 0 0 0 0 0 0 0 0.01768 0.01768 0.01768 0.01768 0.05303 0.05303 0.05303 0.05303 0.0559 0.0559 0.0559 0.0559 0.03953 0.03953 0.03953 0.03953 0.01768 0.01768 0.01768 0.01768 0.0952 0.0952 0.0952 0.0952 0.22981 0.22981 0.22981 0.22981 0.26575 0.26575 0.26575 0.26575 0.10308 0.10308 0.10308 0.10308 0.03536 0.03536 0.03536 0.03536 0.14252 0.14252 0.14252 0.14252 0.1118 0.1118 0.1118 0.1118 0.19121 0.19121 0.19121 0.19121 0.30873 0.30873 0.30873 0.30873 0.20156 0.20156 0.20156 0.20156 0.34821 0.34821 0.34821 0.34821
0 0 0 0 0 0 0 0 0.01768 0.01768 0.01768 0.01768 0.05303 0.05303 0.05303 0.05303 0.0559 0.0559 0.0559 0.0559 0.03953 0.03953 0.03953 0.03953 0.01768 0.01768 0.01768 0.01768 0.0952 0.0952 0.0952 0.0952 0.22981 0.22981 0.22981 0.22981 0.26575 0.26575 0.26575 0.26575 0.10308 0.10308 0.10308 0.10308 0.03536 0.03536 0.03536 0.03536 0.14252 0.14252 0.14252 0.14252 0.1118 0.1118 0.1118 0.1118 0.19121 0.19121 0.19121 0.19121 0.30873 0.30873 0.30873 0.30873 0.20156 0.20156 0.20156 0.20156 0.34821 0.34821 0.34821 0.34821
0 0 0 0 0 0 0 0 0.01768 0.01768 0.01768 0.01768 0.05303 0.05303 0.05303 0.05303 0.0559 0.0559 0.0559 0.0559 0.03953 0.03953 0.03953 0.03953 0.01768 0.01768 0.01768 0.01768 0.0952 0.0952 0.0952 0.0952 0.22981 0.22981 0.22981 0.22981 0.26575 0.26575 0.26575 0.26575 0.10308 0.10308 0.10308 0.10308 0.03536 0.03536 0.03536 0.03536 0.14252 0.14252 0.14252 0.14252 0.1118 0.1118 0.1118 0.1118 0.19121 0.19121 0.19121 0.19121 0.30873 0.30873 0.30873 0.30873 0.20156 0.20156 0.20156 0.20156 0.34821 0.34821 0.34821 0.34821
0 0 0 0 0 0 0 0 0 0 0 0 0.01768 0.01768 0.01768 0.01768 0.03953 0.03953 0.03953 0.03953 0.0559 0.0559 0.0559 0.0559 0.05303 0.05303 0.05303 0.05303 0.01768 0.01768 0.01768 0.01768 0.08839 0.08839 0.08839 0.08839 0.24812 0.24812 0.24812 0.24812 0.19445 0.19445 0.19445 0.19445 0.08839 0.08839 0.08839 0.08839 0.16771 0.16771 0.16771 0.16771 0.09014 0.09014 0.09014 0.09014 0.39251 0.39251 0.39251 0.39251 0.43157 0.43157 0.43157 0.43157 0.50062 0.50062 0.50062 0.50062 0.20616 0.20616 0.20616 0.20616
0 0 0 0 0 0 0 0 0 0 0 0 0.01768 0.01768 0.01768 0.01768 0.03953 0.03953 0.03953 0.03953 0.0559 0.0559 0.0559 0.0559 0.05303 0.05303 0.05303 0.05303 0.01768 0.01768 0.01768 0.01768 0.08839 0.08839 0.08839 0.08839 0.24812 0.24812 0.24812 0.24812 0.19445 0.19445 0.19445 0.19445 0.08839 0.08839 0.08839 0.08839 0.16771 0.16771 0.16771 0.16771 0.09014 0.09014 0.09014 0.09014 0.39251 0.39251 0.39251 0.39251 0.43157 0.43157 0.43157 0.43157 0.50062 0.50062 0.50062 0.50062 0.20616 0.20616 0.20616 0.20616
0 0 0 0 0 0 0 0 0 0 0 0 0.01768 0.01768 0.01768 0.01768 0.03953 0.03953 0.03953 0.03953 0.0559 0.0559 0.0559 0.0559 0.05303 0.05303 0.05303 0.05303 0.01768 0.01768 0.01768 0.01768 0.08839 0.08839 0.08839 0.08839 0.24812 0.24812 0.24812 0.24812 0.19445 0.19445 0.19445 0.19445 0.08839 0.08839 0.08839 0.08839 0.16771 0.16771 0.16771 0.16771 0.09014 0.09014 0.09014 0.09014 0.39251 0.39251 0.39251 0.39251 0.43157 0.43157 0.43157 0.43157 0.50062 0.50062 0.50062 0.50062 0.20616 0.20616 0.20616 0.20616
0 0 0 0 0 0 0 0 0 0 0 0 0.01768 0.01768 0.01768 0.01768 0.03953 0.03953 0.03953 0.03953 0.0559 0.0559 0.0559 0.0559 0.05303 0.05303 0.05303 0.05303 0.01768 0.01768 0.01768 0.01768 0.08839 0.08839 0.08839 0.08839 0.24812 0.24812 0.24812 0.24812 0.19445 0.19445 0.19445 0.19445 0.08839 0.08839 0.08839 0.08839 0.16771 0.16771 0.16771 0.16771 0.09014 0.09014 0.09014 0.09014 0.39251 0.39251 0.39251 0.39251 0.43157 0.43157 0.43157 0.43157 0.50062 0.50062 0.50062 0.50062 0.20616 0.20616 0.20616 0.20616
0 0 0 0 0 0 0 0 0.03536 0.03536 0.03536 0.03536 0.07906 0.07906 0.07906 0.07906 0.1 0.1 0.1 0.1 0.08839 0.08839 0.08839 0.08839 0.03953 0.03953 0.03953 0.03953 0.01768 0.01768 0.01768 0.01768 0.01768 0.01768 0.01768 0.01768 0.12748 0.12748 0.12748 0.12748 0.21578 0.21578 0.21578 0.21578 0.08839 0.08839 0.08839 0.08839 0.03953 0.03953 0.03953 0.03953 0.36056 0.36056 0.36056 0.36056 0.31869 0.31869 0.31869 0.31869 0.03953 0.03953 0.03953 0.03953 0.16771 0.16771 0.16771 0.16771 0.24749 0.24749 0.24749 0.24749
0 0 0 0 0 0 0 0 0.03536 0.03536 0.03536 0.03536 0.07906 0.07906 0.07906 0.07906 0.1 0.1 0.1 0.1 0.08839 0.08839 0.08839 0.08839 0.03953 0.03953 0.03953 0.03953 0.01768 0.01768 0.01768 0.01768 0.01768 0.01768 0.01768 0.01768 0.12748 0.12748 0.12748 0.12748 0.21578 0.21578 0.21578 0.21578 0.08839 0.08839 0.08839 0.08839 0.03953 0.03953 0.03953 0.03953 0.36056 0.36056 0.36056 0.36056 0.31869 0.31869 0.31869 0.31869 0.03953 0.03953 0.03953 0.03953 0.16771 0.16771 0.16771 0.16771 0.24749 0.24749 0.24749 0.24749
0 0 0 0 0 0 0 0 0.03536 0.03536 0.03536 0.03536 0.07906 0.07906 0.07906 0.07906 0.1 0.1 0.1 0.1 0.08839 0.08839 0.08839 0.08839 0.03953 0.03953 0.03953 0.03953 0.01768 0.01768 0.01768 0.01768 0.01768 0.01768 0.01768 0.01768 0.12748 0.12748 0.12748 0.12748 0.21578 0.21578 0.21578 0.21578 0.08839 0.08839 0.08839 0.08839 0.03953 0.03953 0.03953 0.03953 0.36056 0.36056 0.36056 0.36056 0.31869 0.31869 0.31869 0.31869 0.03953 0.03953 0.03953 0.03953 0.16771 0.16771 0.16771 0.16771 0.24749 0.24749 0.24749 0.24749
0 0 0 0 0 0 0 0 0.03536 0.03536 0.03536 0.03536 0.07906 0.07906 0.07906 0.07906 0.1 0.1 0.1 0.1 0.08839 0.08839 0.08839 0.08839 0.03953 0.03953 0.03953 0.03953 0.01768 0.01768 0.01768 0.01768 0.01768 0.01768 0.01768 0.01768 0.12748 0.12748 0.12748 0.12748 0.21578 0.21578 0.21578 0.21578 0.08839 0.08839 0.08839 0.08839 0.03953 0.03953 0.03953 0.03953 0.36056 0.36056 0.36056 0.36056 0.31869 0.31869 0.31869 0.31869 0.03953 0.03953 0.03953 0.03953 0.16771 0.16771 0.16771 0.16771 0.24749 0.24749 0.24749 0.24749
0 0 0 0 0 0 0 0 0.07906 0.07906 0.07906 0.07906 0.10607 0.10607 0.10607 0.10607 0.07906 0.07906 0.07906 0.07906 0.03536 0.03536 0.03536 0.03536 0.01768 0.01768 0.01768 0.01768 0.01768 0.01768 0.01768 0.01768 0.01768 0.01768 0.01768 0.01768 0.06374 0.06374 0.06374 0.06374 0.20156 0.20156 0.20156 0.20156 0.1287 0.1287 0.1287 0.1287 0.10308 0.10308 0.10308 0.10308 0.34324 0.34324 0.34324 0.34324 0.2628 0.2628 0.2628 0.2628 0.40389 0.40389 0.40389 0.40389 0.35795 0.35795 0.35795 0.35795 0.33541 0.33541 0.33541 0.33541
0 0 0 0 0 0 0 0 0.07906 0.07906 0.07906 0.07906 0.10607 0.10607 0.10607 0.10607 0.07906 0.07906 0.07906 0.07906 0.03536 0.03536 0.03536 0.03536 0.01768 0.01768 0.01768 0.01768 0.01768 0.01768 0.01768 0.01768 0.01768 0.01768 0.01768 0.01768 0.06374 0.06374 0.06374 0.06374 0.20156 0.20156 0.20156 0.20156 0.1287 0.1287 0.1287 0.1287 0.10308 0.10308 0.10308 0.10308 0.34324 0.34324 0.34324 0.34324 0.2628 0.2628 0.2628 0.2628 0.40389 0.40389 0.40389 0.40389 0.35795 0.35795 0.35795 0.35795 0.33541 0.33541 0.33541 0.33541
0 0 0 0 0 0 0 0 0.07906 0.07906 0.07906 0.07906 0.10607 0.10607 0.10607 0.10607 0.07906 0.07906 0.07906 0.07906 0.03536 0.03536 0.03536 0.03536 0.01768 0.01768 0.01768 0.01768 0.01768 0.01768 0.01768 0.01768 0.01768 0.01768 0.01768 0.01768 0.06374 0.06374 0.06374 0.06374 0.20156 0.20156 0.20156 0.20156 0.1287 0.1287 0.1287 0.1287 0.10308 0.10308 0.10308 0.10308 0.34324 0.34324 0.34324 0.34324 0.2628 0.2628 0.2628 0.2628 0.40389 0.40389 0.40389 0.40389 0.35795 0.35795 0.35795 0.35795 0.33541 0.33541 0.33541 0.33541
0 0 0 0 0 0 0 0 0.07906 0.07906 0.07906 0.07906 0.10607 0.10607 0.10607 0.10607 0.07906 0.07906 0.07906 0.07906 0.03536 0.03536 0.03536 0.03536 0.01768 0.01768 0.01768 0.01768 0.01768 0.01768 0.01768 0.01768 0.01768 0.01768 0.01768 0.01768 0.06374 0.06374 0.06374 0.06374 0.20156 0.20156 0.20156 0.20156 0.1287 0.1287 0.1287 0.1287 0.10308 0.10308 0.10308 0.10308 0.34324 0.34324 0.34324 0.34324 0.2628 0.2628 0.2628 0.2628 0.40389 0.40389 0.40389 0.40389 0.35795 0.35795 0.35795 0.35795 0.33541 0.33541 0.33541 0.33541
0 0 0 0 0.01768 0.01768 0.01768 0.01768 0.08839 0.08839 0.08839 0.08839 0.07906 0.07906 0.07906 0.07906 0.08839 0.08839 0.08839 0.08839 0.10753 0.10753 0.10753 0.10753 0.07906 0.07906 0.07906 0.07906 0.03953 0.03953 0.03953 0.03953 0.03953 0.03953 0.03953 0.03953 0.025 0.025 0.025 0.025 0.09014 0.09014 0.09014 0.09014 0.125 0.125 0.125 0.125 0.18028 0.18028 0.18028 0.18028 0.34821 0.34821 0.34821 0.34821 0.43157 0.43157 0.43157 0.43157 0.36401 0.36401 0.36401 0.36401 0.27613 0.27613 0.27613 0.27613 0.19764 0.19764 0.19764 0.19764
0 0 0 0 0.01768 0.01768 0.01768 0.01768 0.08839 0.08839 0.08839 0.08839 0.07906 0.07906 0.07906 0.07906 0.08839 0.08839 0.08839 0.08839 0.10753 0.10753 0.10753 0.10753 0.07906 0.07906 0.07906 0.07906 0.03953 0.03953 0.03953 0.03953 0.03953 0.03953 0.03953 0.03953 0.025 0.025 0.025 0.025 0.09014 0.09014 0.09014 0.09014 0.125 0.125 0.125 0.125 0.18028 0.18028 0.18028 0.18028 0.34821 0.34821 0.34821 0.34821 0.43157 0.43157 0.43157 0.43157 0.36401 0.36401 0.36401 0.36401 0.27613 0.27613 0.27613 0.27613 0.19764 0.19764 0.19764 0.19764
0 0 0 0 0.01768 0.01768 0.01768 0.01768 0.08839 0.08839 0.08839 0.08839 0.07906 0.07906 0.07906 0.07906 0.08839 0.08839 0.08839 0.08839 0.10753 0.10753 0.10753 0.10753 0.07906 0.07906 0.07906 0.07906 0.03953 0.03953 0.03953 0.03953 0.03953 0.03953 0.03953 0.03953 0.025 0.025 0.025 0.025 0.09014 0.09014 0.09014 0.09014 0.125 0.125 0.125 0.125 0.18028 0.18028 0.18028 0.18028 0.34821 0.34821 0.34821 0.34821 0.43157 0.43157 0.43157 0.43157 0.36401 0.36401 0.36401 0.36401 0.27613 0.27613 0.27613 0.27613 0.19764 0.19764 0.19764 0.19764
0 0 0 0 0.01768 0.01768 0.01768 0.01768 0.08839 0.08839 0.08839 0.08839 0.07906 0.07906 0.07906 0.07906 0.08839 0.08839 0.08839 0.08839 0.10753 0.10753 0.10753 0.10753 0.07906 0.07906 0.07906 0.07906 0.03953 0.03953 0.03953 0.03953 0.03953 0.03953 0.03953 0.03953 0.025 0.025 0.025 0.025 0.09014 0.09014 0.09014 0.09014 0.125 0.125 0.125 0.125 0.18028 0.18028 0.18028 0.18028 0.34821 0.34821 0.34821 0.34821 0.43157 0.43157 0.43157 0.43157 0.36401 0.36401 0.36401 0.36401 0.27613 0.27613 0.27613 0.27613 0.19764 0.19764 0.19764 0.19764
0.03953 0.03953 0.03953 0.03953 0.0559 0.0559 0.0559 0.0559 0.03953 0.03953 0.03953 0.03953 0.08839 0.08839 0.08839 0.08839 0.13463 0.13463 0.13463 0.13463 0.03953 0.03953 0.03953 0.03953 0.01768 0.01768 0.01768 0.01768 0.05 0.05 0.05 0.05 0.03953 0.03953 0.03953 0.03953 0.03953 0.03953 0.03953 0.03953 0.0559 0.0559 0.0559 0.0559 0.03953 0.03953 0.03953 0.03953 0.025 0.025 0.025 0.025 0.03953 0.03953 0.03953 0.03953 0.03536 0.03536 0.03536 0.03536 0.03953 0.03953 0.03953 0.03953 0.01768 0.01768 0.01768 0.01768 0 0 0 0
0.03953 0.03953 0.03953 0.03953 0.0559 0.0559 0.0559 0.0559 0.03953 0.03953 0.03953 0.03953 0.08839 0.08839 0.08839 0.08839 0.13463 0.13463 0.13463 0.13463 0.03953 0.03953 0.03953 0.03953 0.01768 0.01768 0.01768 0.01768 0.05 0.05 0.05 0.05 0.03953 0.03953 0.03953 0.03953 0.03953 0.03953 0.03953 0.03953 0.0559 0.0559 0.0559 0.0559 0.03953 0.03953 0.03953 0.03953 0.025 0.025 0.025 0.025 0.03953 0.03953 0.03953 0.03953 0.03536 0.03536 0.03536 0.03536 0.03953 0.03953 0.03953 0.03953 0.01768 0.01768 0.01768 0.01768 0 0 0 0
0.03953 0.03953 0.03953 0.03953 0.0559 0.0559 0.0559 0.0559 0.03953 0.03953 0.03953 0.03953 0.08839 0.08839 0.08839 0.08839 0.13463 0.13463 0.13463 0.13463 0.03953 0.03953 0.03953 0.03953 0.01768 0.01768 0.01768 0.01768 0.05 0.05 0.05 0.05 0.03953 0.03953 0.03953 0.03953 0.03953 0.03953 0.03953 0.03953 0.0559 0.0559 0.0559 0.0559 0.03953 0.03953 0.03953 0.03953 0.025 0.025 0.025 0.025 0.03953 0.03953 0.03953 0.03953 0.03536 0.03536 0.03536 0.03536 0.03953 0.03953 0.03953 0.03953 0.01768 0.01768 0.01768 0.01768 0 0 0 0
0.03953 0.03953 0.03953 0.03953 0.0559 0.0559 0.0559 0.0559 0.03953 0.03953 0.03953 0.03953 0.08839 0.08839 0.08839 0.08839 0.13463 0.13463 0.13463 0.13463 0.03953 0.03953 0.03953 0.03953 0.01768 0.01768 0.01768 0.01768 0.05 0.05 0.05 0.05 0.03953 0.03953 0.03953 0.03953 0.03953 0.03953 0.03953 0.03953 0.0559 0.0559 0.0559 0.0559 0.03953 0.03953 0.03953 0.03953 0.025 0.025 0.025 0.025 0.03953 0.03953 0.03953 0.03953 0.03536 0.03536 0.03536 0.03536 0.03953 0.03953 0.03953 0.03953 0.01768 0.01768 0.01768 0.01768 0 0 0 0
0.01768 0.01768 0.01768 0.01768 0.03953 0.03953 0.03953 0.03953 0.01768 0.01768 0.01768 0.01768 0.08839 0.08839 0.08839 0.08839 0.01768 0.01768 0.01768 0.01768 0.06374 0.06374 0.06374 0.06374 0.03536 0.03536 0.03536 0.03536 0.01768 0.01768 0.01768 0.01768 0 0 0 0 0 0 0 0 0.01768 0.01768 0.01768 0.01768 0.01768 0.01768 0.01768 0.01768 0 0 0 0 0.01768 0.01768 0.01768 0.01768 0.01768 0.01768 0.01768 0.01768 0.025 0.025 0.025 0.025 0.025 0.025 0.025 0.025 0 0 0 0
0.01768 0.01768 0.01768 0.01768 0.03953 0.03953 0.03953 0.03953 0.01768 0.01768 0.01768 0.01768 0.08839 0.08839 0.08839 0.08839 0.01768 0.01768 0.01768 0.01768 0.06374 0.06374 0.06374 0.06374 0.03536 0.03536 0.03536 0.03536 0.01768 0.01768 0.01768 0.01768 0 0 0 0 0 0 0 0 0.01768 0.01768 0.01768 0.01768 0.01768 0.01768 0.01768 0.01768 0 0 0 0 0.01768 0.01768 0.01768 0.01768 0.01768 0.01768 0.01768 0.01768 0.025 0.025 0.025 0.025 0.025 0.025 0.025 0.025 0 0 0 0
0.01768 0.01768 0.01768 0.01768 0.03953 0.03953 0.03953 0.03953 0.01768 0.01768 0.01768 0.01768 0.08839 0.08839 0.08839 0.08839 0.01768 0.01768 0.01768 0.01768 0.06374 0.06374 0.06374 0.06374 0.03536 0.03536 0.03536 0.03536 0.01768 0.01768 0.01768 0.01768 0 0 0 0 0 0 0 0 0.01768 0.01768 0.01768 0.01768 0.01768 0.01768 0.01768 0.01768 0 0 0 0 0.01768 0.01768 0.01768 0.01768 0.01768 0.01768 0.01768 0.01768 0.025 0.025 0.025 0.025 0.025 0.025 0.025 0.025 0 0 0 0
0.01768 0.01768 0.01768 0.01768 0.03953 0.03953 0.03953 0.03953 0.01768 0.01768 0.01768 0.01768 0.08839 0.08839 0.08839 0.08839 0.01768 0.01768 0.01768 0.01768 0.06374 0.06374 0.06374 0.06374 0.03536 0.03536 0.03536 0.03536 0.01768 0.01768 0.01768 0.01768 0 0 0 0 0 0 0 0 0.01768 0.01768 0.01768 0.01768 0.01768 0.01768 0.01768 0.01768 0 0 0 0 0.01768 0.01768 0.01768 0.01768 0.01768 0.01768 0.01768 0.01768 0.025 0.025 0.025 0.025 0.025 0.025 0.025 0.025 0 0 0 0
