EU_data/Berlin/berlin_slope.asc
ncols         400
nrows         400
xllcorner     4502750
yllcorner     3222000
cellsize      250
NODATA_value  -9999
[rows 288 to 319 of 400, columns 72 to 143 of 400]
0.1287 0.1287 0.1287 0.1287 0.182 0.182 0.182 0.182 0.15104 0.15104 0.15104 0.15104 0.11859 0.11859 0.11859 0.11859 0.2136 0.2136 0.2136 0.2136 0.12748 0.12748 0.12748 0.12748 0.40812 0.40812 0.40812 0.40812 0.42019 0.42019 0.42019 0.42019 0.16298 0.16298 0.16298 0.16298 0.07071 0.07071 0.07071 0.07071 0.03953 0.03953 0.03953 0.03953 0.0952 0.0952 0.0952 0.0952 0.11859 0.11859 0.11859 0.11859 0.13807 0.13807 0.13807 0.13807 0.12374 0.12374 0.12374 0.12374 0.11319 0.11319 0.11319 0.11319 0.35355 0.35355 0.35355 0.35355 0.42019 0.42019 0.42019 0.42019
0.1287 0.1287 0.1287 0.1287 0.182 0.182 0.182 0.182 0.15104 0.15104 0.15104 0.15104 0.11859 0.11859 0.11859 0.11859 0.2136 0.2136 0.2136 0.2136 0.12748 0.12748 0.12748 0.12748 0.40812 0.40812 0.40812 0.40812 0.42019 0.42019 0.42019 0.42019 0.16298 0.16298 0.16298 0.16298 0.07071 0.07071 0.07071 0.07071 0.03953 0.03953 0.03953 0.03953 0.0952 0.0952 0.0952 0.0952 0.11859 0.11859 0.11859 0.11859 0.13807 0.13807 0.13807 0.13807 0.12374 0.12374 0.12374 0.12374 0.11319 0.11319 0.11319 0.11319 0.35355 0.35355 0.35355 0.35355 0.42019 0.42019 0.42019 0.42019
0.1287 0.1287 0.1287 0.1287 0.182 0.182 0.182 0.182 0.15104 0.15104 0.15104 0.15104 0.11859 0.11859 0.11859 0.11859 0.2136 0.2136 0.2136 0.2136 0.12748 0.12748 0.12748 0.12748 0.40812 0.40812 0.40812 0.40812 0.42019 0.42019 0.42019 0.42019 0.16298 0.16298 0.16298 0.16298 0.07071 0.07071 0.07071 0.07071 0.03953 0.03953 0.03953 0.03953 0.0952 0.0952 0.0952 0.0952 0.11859 0.11859 0.11859 0.11859 0.13807 0.13807 0.13807 0.13807 0.12374 0.12374 0.12374 0.12374 0.11319 0.11319 0.11319 0.11319 0.35355 0.35355 0.35355 0.35355 0.42019 0.42019 0.42019 0.42019
0.1287 0.1287 0.1287 0.1287 0.182 0.182 0.182 0.182 0.15104 0.15104 0.15104 0.15104 0.11859 0.11859 0.11859 0.11859 0.2136 0.2136 0.2136 0.2136 0.12748 0.12748 0.12748 0.12748 0.40812 0.40812 0.40812 0.40812 0.42019 0.42019 0.42019 0.42019 0.16298 0.16298 0.16298 0.16298 0.07071 0.07071 0.07071 0.07071 0.03953 0.03953 0.03953 0.03953 0.0952 0.0952 0.0952 0.0952 0.11859 0.11859 0.11859 0.11859 0.13807 0.13807 0.13807 0.13807 0.12374 0.12374 0.12374 0.12374 0.11319 0.11319 0.11319 0.11319 0.35355 0.35355 0.35355 0.35355 0.42019 0.42019 0.42019 0.42019
0.175 0.175 0.175 0.175 0.23783 0.23783 0.23783 0.23783 0.06374 0.06374 0.06374 0.06374 0.14252 0.14252 0.14252 0.14252 0.2628 0.2628 0.2628 0.2628 0.03536 0.03536 0.03536 0.03536 0.27951 0.27951 0.27951 0.27951 0.41382 0.41382 0.41382 0.41382 0.35532 0.35532 0.35532 0.35532 0.24622 0.24622 0.24622 0.24622 0.10607 0.10607 0.10607 0.10607 0.05303 0.05303 0.05303 0.05303 0.10308 0.10308 0.10308 0.10308 0.08839 0.08839 0.08839 0.08839 0.1287 0.1287 0.1287 0.1287 0.34004 0.34004 0.34004 0.34004 0.34324 0.34324 0.34324 0.34324 0.22361 0.22361 0.22361 0.22361
0.175 0.175 0.175 0.175 0.23783 0.23783 0.23783 0.23783 0.06374 0.06374 0.06374 0.06374 0.14252 0.14252 0.14252 0.14252 0.2628 0.2628 0.2628 0.2628 0.03536 0.03536 0.03536 0.03536 0.27951 0.27951 0.27951 0.27951 0.41382 0.41382 0.41382 0.41382 0.35532 0.35532 0.35532 0.35532 0.24622 0.24622 0.24622 0.24622 0.10607 0.10607 0.10607 0.10607 0.05303 0.05303 0.05303 0.05303 0.10308 0.10308 0.10308 0.10308 0.08839 0.08839 0.08839 0.08839 0.1287 0.1287 0.1287 0.1287 0.34004 0.34004 0.34004 0.34004 0.34324 0.34324 0.34324 0.34324 0.22361 0.22361 0.22361 0.22361
0.175 0.175 0.175 0.175 0.23783 0.23783 0.23783 0.23783 0.06374 0.06374 0.06374 0.06374 0.14252 0.14252 0.14252 0.14252 0.2628 0.2628 0.2628 0.2628 0.03536 0.03536 0.03536 0.03536 0.27951 0.27951 0.27951 0.27951 0.41382 0.41382 0.41382 0.41382 0.35532 0.35532 0.35532 0.35532 0.24622 0.24622 0.24622 0.24622 0.10607 0.10607 0.10607 0.10607 0.05303 0.05303 0.05303 0.05303 0.10308 0.10308 0.10308 0.10308 0.08839 0.08839 0.08839 0.08839 0.1287 0.1287 0.1287 0.1287 0.34004 0.34004 0.34004 0.34004 0.34324 0.34324 0.34324 0.34324 0.22361 0.22361 0.22361 0.22361
0.175 0.175 0.175 0.175 0.23783 0.23783 0.23783 0.23783 0.06374 0.06374 0.06374 0.06374 0.14252 0.14252 0.14252 0.14252 0.2628 0.2628 0.2628 0.2628 0.03536 0.03536 0.03536 0.03536 0.27951 0.27951 0.27951 0.27951 0.41382 0.41382 0.41382 0.41382 0.35532 0.35532 0.35532 0.35532 0.24622 0.24622 0.24622 0.24622 0.10607 0.10607 0.10607 0.10607 0.05303 0.05303 0.05303 0.05303 0.10308 0.10308 0.10308 0.10308 0.08839 0.08839 0.08839 0.08839 0.1287 0.1287 0.1287 0.1287 0.34004 0.34004 0.34004 0.34004 0.34324 0.34324 0.34324 0.34324 0.22361 0.22361 0.22361 0.22361
0.15 0.15 0.15 0.15 0.23049 0.23049 0.23049 0.23049 0.08839 0.08839 0.08839 0.08839 0.1741 0.1741 0.1741 0.1741 0.26517 0.26517 0.26517 0.26517 0.03536 0.03536 0.03536 0.03536 0.20156 0.20156 0.20156 0.20156 0.32596 0.32596 0.32596 0.32596 0.28339 0.28339 0.28339 0.28339 0.28777 0.28777 0.28777 0.28777 0.22638 0.22638 0.22638 0.22638 0.03536 0.03536 0.03536 0.03536 0.05303 0.05303 0.05303 0.05303 0.10753 0.10753 0.10753 0.10753 0.31325 0.31325 0.31325 0.31325 0.32596 0.32596 0.32596 0.32596 0.06374 0.06374 0.06374 0.06374 0.10308 0.10308 0.10308 0.10308
0.15 0.15 0.15 0.15 0.23049 0.23049 0.23049 0.23049 0.08839 0.08839 0.08839 0.08839 0.1741 0.1741 0.1741 0.1741 0.26517 0.26517 0.26517 0.26517 0.03536 0.03536 0.03536 0.03536 0.20156 0.20156 0.20156 0.20156 0.32596 0.32596 0.32596 0.32596 0.28339 0.28339 0.28339 0.28339 0.28777 0.28777 0.28777 0.28777 0.22638 0.22638 0.22638 0.22638 0.03536 0.03536 0.03536 0.03536 0.05303 0.05303 0.05303 0.05303 0.10753 0.10753 0.10753 0.10753 0.31325 0.31325 0.31325 0.31325 0.32596 0.32596 0.32596 0.32596 0.06374 0.06374 0.06374 0.06374 0.10308 0.10308 0.10308 0.10308
0.15 0.15 0.15 0.15 0.23049 0.23049 0.23049 0.23049 0.08839 0.08839 0.08839 0.08839 0.1741 0.1741 0.1741 0.1741 0.26517 0.26517 0.26517 0.26517 0.03536 0.03536 0.03536 0.03536 0.20156 0.20156 0.20156 0.20156 0.32596 0.32596 0.32596 0.32596 0.28339 0.28339 0.28339 0.28339 0.28777 0.28777 0.28777 0.28777 0.22638 0.22638 0.22638 0.22638 0.03536 0.03536 0.03536 0.03536 0.05303 0.05303 0.05303 0.05303 0.10753 0.10753 0.10753 0.10753 0.31325 0.31325 0.31325 0.31325 0.32596 0.32596 0.32596 0.32596 0.06374 0.06374 0.06374 0.06374 0.10308 0.10308 0.10308 0.10308
0.15 0.15 0.15 0.15 0.23049 0.23049 0.23049 0.23049 0.08839 0.08839 0.08839 0.08839 0.1741 0.1741 0.1741 0.1741 0.26517 0.26517 0.26517 0.26517 0.03536 0.03536 0.03536 0.03536 0.20156 0.20156 0.20156 0.20156 0.32596 0.32596 0.32596 0.32596 0.28339 0.28339 0.28339 0.28339 0.28777 0.28777 0.28777 0.28777 0.22638 0.22638 0.22638 0.22638 0.03536 0.03536 0.03536 0.03536 0.05303 0.05303 0.05303 0.05303 0.10753 0.10753 0.10753 0.10753 0.31325 0.31325 0.31325 0.31325 0.32596 0.32596 0.32596 0.32596 0.06374 0.06374 0.06374 0.06374 0.10308 0.10308 0.10308 0.10308
0.08839 0.08839 0.08839 0.08839 0.20616 0.20616 0.20616 0.20616 0.2 0.2 0.2 0.2 0.2136 0.2136 0.2136 0.2136 0.182 0.182 0.182 0.182 0.03536 0.03536 0.03536 0.03536 0.10308 0.10308 0.10308 0.10308 0.30414 0.30414 0.30414 0.30414 0.32259 0.32259 0.32259 0.32259 0.33634 0.33634 0.33634 0.33634 0.22981 0.22981 0.22981 0.22981 0.07906 0.07906 0.07906 0.07906 0.125 0.125 0.125 0.125 0.14252 0.14252 0.14252 0.14252 0.30052 0.30052 0.30052 0.30052 0.18792 0.18792 0.18792 0.18792 0.07071 0.07071 0.07071 0.07071 0.15207 0.15207 0.15207 0.15207
0.08839 0.08839 0.08839 0.08839 0.20616 0.20616 0.20616 0.20616 0.2 0.2 0.2 0.2 0.2136 0.2136 0.2136 0.2136 0.182 0.182 0.182 0.182 0.03536 0.03536 0.03536 0.03536 0.10308 0.10308 0.10308 0.10308 0.30414 0.30414 0.30414 0.30414 0.32259 0.32259 0.32259 0.32259 0.33634 0.33634 0.33634 0.33634 0.22981 0.22981 0.22981 0.22981 0.07906 0.07906 0.07906 0.07906 0.125 0.125 0.125 0.125 0.14252 0.14252 0.14252 0.14252 0.30052 0.30052 0.30052 0.30052 0.18792 0.18792 0.18792 0.18792 0.07071 0.07071 0.07071 0.07071 0.15207 0.15207 0.15207 0.15207
0.08839 0.08839 0.08839 0.08839 0.20616 0.20616 0.20616 0.20616 0.2 0.2 0.2 0.2 0.2136 0.2136 0.2136 0.2136 0.182 0.182 0.182 0.182 0.03536 0.03536 0.03536 0.03536 0.10308 0.10308 0.10308 0.10308 0.30414 0.30414 0.30414 0.30414 0.32259 0.32259 0.32259 0.32259 0.33634 0.33634 0.33634 0.33634 0.22981 0.22981 0.22981 0.22981 0.07906 0.07906 0.07906 0.07906 0.125 0.125 0.125 0.125 0.14252 0.14252 0.14252 0.14252 0.30052 0.30052 0.30052 0.30052 0.18792 0.18792 0.18792 0.18792 0.07071 0.07071 0.07071 0.07071 0.15207 0.15207 0.15207 0.15207
0.08839 0.08839 0.08839 0.08839 0.20616 0.20616 0.20616 0.20616 0.2 0.2 0.2 0.2 0.2136 0.2136 0.2136 0.2136 0.182 0.182 0.182 0.182 0.03536 0.03536 0.03536 0.03536 0.10308 0.10308 0.10308 0.10308 0.30414 0.30414 0.30414 0.30414 0.32259 0.32259 0.32259 0.32259 0.33634 0.33634 0.33634 0.33634 0.22981 0.22981 0.22981 0.22981 0.07906 0.07906 0.07906 0.07906 0.125 0.125 0.125 0.125 0.14252 0.14252 0.14252 0.14252 0.30052 0.30052 0.30052 0.30052 0.18792 0.18792 0.18792 0.18792 0.07071 0.07071 0.07071 0.07071 0.15207 0.15207 0.15207 0.15207
0.03536 0.03536 0.03536 0.03536 0.17766 0.17766 0.17766 0.17766 0.30516 0.30516 0.30516 0.30516 0.29633 0.29633 0.29633 0.29633 0.1591 0.1591 0.1591 0.1591 0.19764 0.19764 0.19764 0.19764 0.325 0.325 0.325 0.325 0.45962 0.45962 0.45962 0.45962 0.39051 0.39051 0.39051 0.39051 0.17678 0.17678 0.17678 0.17678 0.11859 0.11859 0.11859 0.11859 0.26101 0.26101 0.26101 0.26101 0.1741 0.1741 0.1741 0.1741 0.21213 0.21213 0.21213 0.21213 0.21506 0.21506 0.21506 0.21506 0.08839 0.08839 0.08839 0.08839 0.05303 0.05303 0.05303 0.05303 0.18456 0.18456 0.18456 0.18456
0.03536 0.03536 0.03536 0.03536 0.17766 0.17766 0.17766 0.17766 0.30516 0.30516 0.30516 0.30516 0.29633 0.29633 0.29633 0.29633 0.1591 0.1591 0.1591 0.1591 0.19764 0.19764 0.19764 0.19764 0.325 0.325 0.325 0.325 0.45962 0.45962 0.45962 0.45962 0.39051 0.39051 0.39051 0.39051 0.17678 0.17678 0.17678 0.17678 0.11859 0.11859 0.11859 0.11859 0.26101 0.26101 0.26101 0.26101 0.1741 0.1741 0.1741 0.1741 0.21213 0.21213 0.21213 0.21213 0.21506 0.21506 0.21506 0.21506 0.08839 0.08839 0.08839 0.08839 0.05303 0.05303 0.05303 0.05303 0.18456 0.18456 0.18456 0.18456
0.03536 0.03536 0.03536 0.03536 0.17766 0.17766 0.17766 0.17766 0.30516 0.30516 0.30516 0.30516 0.29633 0.29633 0.29633 0.29633 0.1591 0.1591 0.1591 0.1591 0.19764 0.19764 0.19764 0.19764 0.325 0.325 0.325 0.325 0.45962 0.45962 0.45962 0.45962 0.39051 0.39051 0.39051 0.39051 0.17678 0.17678 0.17678 0.17678 0.11859 0.11859 0.11859 0.11859 0.26101 0.26101 0.26101 0.26101 0.1741 0.1741 0.1741 0.1741 0.21213 0.21213 0.21213 0.21213 0.21506 0.21506 0.21506 0.21506 0.08839 0.08839 0.08839 0.08839 0.05303 0.05303 0.05303 0.05303 0.18456 0.18456 0.18456 0.18456
0.03536 0.03536 0.03536 0.03536 0.17766 0.17766 0.17766 0.17766 0.30516 0.30516 0.30516 0.30516 0.29633 0.29633 0.29633 0.29633 0.1591 0.1591 0.1591 0.1591 0.19764 0.19764 0.19764 0.19764 0.325 0.325 0.325 0.325 0.45962 0.45962 0.45962 0.45962 0.39051 0.39051 0.39051 0.39051 0.17678 0.17678 0.17678 0.17678 0.11859 0.11859 0.11859 0.11859 0.26101 0.26101 0.26101 0.26101 0.1741 0.1741 0.1741 0.1741 0.21213 0.21213 0.21213 0.21213 0.21506 0.21506 0.21506 0.21506 0.08839 0.08839 0.08839 0.08839 0.05303 0.05303 0.05303 0.05303 0.18456 0.18456 0.18456 0.18456
0.19445 0.19445 0.19445 0.19445 0.03953 0.03953 0.03953 0.03953 0.26751 0.26751 0.26751 0.26751 0.36056 0.36056 0.36056 0.36056 0.22361 0.22361 0.22361 0.22361 0.21866 0.21866 0.21866 0.21866 0.22981 0.22981 0.22981 0.22981 0.2215 0.2215 0.2215 0.2215 0.19526 0.19526 0.19526 0.19526 0.48283 0.48283 0.48283 0.48283 0.79883 0.79883 0.79883 0.79883 0.6013 0.6013 0.6013 0.6013 0.22361 0.22361 0.22361 0.22361 0.22361 0.22361 0.22361 0.22361 0.08839 0.08839 0.08839 0.08839 0.01768 0.01768 0.01768 0.01768 0.12374 0.12374 0.12374 0.12374 0.1741 0.1741 0.1741 0.1741
0.19445 0.19445 0.19445 0.19445 0.03953 0.03953 0.03953 0.03953 0.26751 0.26751 0.26751 0.26751 0.36056 0.36056 0.36056 0.36056 0.22361 0.22361 0.22361 0.22361 0.21866 0.21866 0.21866 0.21866 0.22981 0.22981 0.22981 0.22981 0.2215 0.2215 0.2215 0.2215 0.19526 0.19526 0.19526 0.19526 0.48283 0.48283 0.48283 0.48283 0.79883 0.79883 0.79883 0.79883 0.6013 0.6013 0.6013 0.6013 0.22361 0.22361 0.22361 0.22361 0.22361 0.22361 0.22361 0.22361 0.08839 0.08839 0.08839 0.08839 0.01768 0.01768 0.01768 0.01768 0.12374 0.12374 0.12374 0.12374 0.1741 0.1741 0.1741 0.1741
0.19445 0.19445 0.19445 0.19445 0.03953 0.03953 0.03953 0.03953 0.26751 0.26751 0.26751 0.26751 0.36056 0.36056 0.36056 0.36056 0.22361 0.22361 0.22361 0.22361 0.21866 0.21866 0.21866 0.21866 0.22981 0.22981 0.22981 0.22981 0.2215 0.2215 0.2215 0.2215 0.19526 0.19526 0.19526 0.19526 0.48283 0.48283 0.48283 0.48283 0.79883 0.79883 0.79883 0.79883 0.6013 0.6013 0.6013 0.6013 0.22361 0.22361 0.22361 0.22361 0.22361 0.22361 0.22361 0.22361 0.08839 0.08839 0.08839 0.08839 0.01768 0.01768 0.01768 0.01768 0.12374 0.12374 0.12374 0.12374 0.1741 0.1741 0.1741 0.1741
0.19445 0.19445 0.19445 0.19445 0.03953 0.03953 0.03953 0.03953 0.26751 0.26751 0.26751 0.26751 0.36056 0.36056 0.36056 0.36056 0.22361 0.22361 0.22361 0.22361 0.21866 0.21866 0.21866 0.21866 0.22981 0.22981 0.22981 0.22981 0.2215 0.2215 0.2215 0.2215 0.19526 0.19526 0.19526 0.19526 0.48283 0.48283 0.48283 0.48283 0.79883 0.79883 0.79883 0.79883 0.6013 0.6013 0.6013 0.6013 0.22361 0.22361 0.22361 0.22361 0.22361 0.22361 0.22361 0.22361 0.08839 0.08839 0.08839 0.08839 0.01768 0.01768 0.01768 0.01768 0.12374 0.12374 0.12374 0.12374 0.1741 0.1741 0.1741 0.1741
0.18028 0.18028 0.18028 0.18028 0.20156 0.20156 0.20156 0.20156 0.08839 0.08839 0.08839 0.08839 0.28777 0.28777 0.28777 0.28777 0.23251 0.23251 0.23251 0.23251 0.03953 0.03953 0.03953 0.03953 0.2628 0.2628 0.2628 0.2628 0.43661 0.43661 0.43661 0.43661 0.52559 0.52559 0.52559 0.52559 0.91259 0.91259 0.91259 0.91259 0.69147 0.69147 0.69147 0.69147 0.69933 0.69933 0.69933 0.69933 0.28504 0.28504 0.28504 0.28504 0.18028 0.18028 0.18028 0.18028 0.01768 0.01768 0.01768 0.01768 0.03536 0.03536 0.03536 0.03536 0.11319 0.11319 0.11319 0.11319 0.07289 0.07289 0.07289 0.07289
0.18028 0.18028 0.18028 0.18028 0.20156 0.20156 0.20156 0.20156 0.08839 0.08839 0.08839 0.08839 0.28777 0.28777 0.28777 0.28777 0.23251 0.23251 0.23251 0.23251 0.03953 0.03953 0.03953 0.03953 0.2628 0.2628 0.2628 0.2628 0.43661 0.43661 0.43661 0.43661 0.52559 0.52559 0.52559 0.52559 0.91259 0.91259 0.91259 0.91259 0.69147 0.69147 0.69147 0.69147 0.69933 0.69933 0.69933 0.69933 0.28504 0.28504 0.28504 0.28504 0.18028 0.18028 0.18028 0.18028 0.01768 0.01768 0.01768 0.01768 0.03536 0.03536 0.03536 0.03536 0.11319 0.11319 0.11319 0.11319 0.07289 0.07289 0.07289 0.07289
0.18028 0.18028 0.18028 0.18028 0.20156 0.20156 0.20156 0.20156 0.08839 0.08839 0.08839 0.08839 0.28777 0.28777 0.28777 0.28777 0.23251 0.23251 0.23251 0.23251 0.03953 0.03953 0.03953 0.03953 0.2628 0.2628 0.2628 0.2628 0.43661 0.43661 0.43661 0.43661 0.52559 0.52559 0.52559 0.52559 0.91259 0.91259 0.91259 0.91259 0.69147 0.69147 0.69147 0.69147 0.69933 0.69933 0.69933 0.69933 0.28504 0.28504 0.28504 0.28504 0.18028 0.18028 0.18028 0.18028 0.01768 0.01768 0.01768 0.01768 0.03536 0.03536 0.03536 0.03536 0.11319 0.11319 0.11319 0.11319 0.07289 0.07289 0.07289 0.07289
0.18028 0.18028 0.18028 0.18028 0.20156 0.20156 0.20156 0.20156 0.08839 0.08839 0.08839 0.08839 0.28777 0.28777 0.28777 0.28777 0.23251 0.23251 0.23251 0.23251 0.03953 0.03953 0.03953 0.03953 0.2628 0.2628 0.2628 0.2628 0.43661 0.43661 0.43661 0.43661 0.52559 0.52559 0.52559 0.52559 0.91259 0.91259 0.91259 0.91259 0.69147 0.69147 0.69147 0.69147 0.69933 0.69933 0.69933 0.69933 0.28504 0.28504 0.28504 0.28504 0.18028 0.18028 0.18028 0.18028 0.01768 0.01768 0.01768 0.01768 0.03536 0.03536 0.03536 0.03536 0.11319 0.11319 0.11319 0.11319 0.07289 0.07289 0.07289 0.07289
0.09014 0.09014 0.09014 0.09014 0.21506 0.21506 0.21506 0.21506 0.10753 0.10753 0.10753 0.10753 0.13807 0.13807 0.13807 0.13807 0.25125 0.25125 0.25125 0.25125 0.30516 0.30516 0.30516 0.30516 0.34731 0.34731 0.34731 0.34731 0.425 0.425 0.425 0.425 0.5247 0.5247 0.5247 0.5247 0.4717 0.4717 0.4717 0.4717 0.26575 0.26575 0.26575 0.26575 0.51992 0.51992 0.51992 0.51992 0.21506 0.21506 0.21506 0.21506 0.14142 0.14142 0.14142 0.14142 0.06374 0.06374 0.06374 0.06374 0 0 0 0 0.08839 0.08839 0.08839 0.08839 0.08839 0.08839 0.08839 0.08839
0.09014 0.09014 0.09014 0.09014 0.21506 0.21506 0.21506 0.21506 0.10753 0.10753 0.10753 0.10753 0.13807 0.13807 0.13807 0.13807 0.25125 0.25125 0.25125 0.25125 0.30516 0.30516 0.30516 0.30516 0.34731 0.34731 0.34731 0.34731 0.425 0.425 0.425 0.425 0.5247 0.5247 0.5247 0.5247 0.4717 0.4717 0.4717 0.4717 0.26575 0.26575 0.26575 0.26575 0.51992 0.51992 0.51992 0.51992 0.21506 0.21506 0.21506 0.21506 0.14142 0.14142 0.14142 0.14142 0.06374 0.06374 0.06374 0.06374 0 0 0 0 0.08839 0.08839 0.08839 0.08839 0.08839 0.08839 0.08839 0.08839
0.09014 0.09014 0.09014 0.09014 0.21506 0.21506 0.21506 0.21506 0.10753 0.10753 0.10753 0.10753 0.13807 0.13807 0.13807 0.13807 0.25125 0.25125 0.25125 0.25125 0.30516 0.30516 0.30516 0.30516 0.34731 0.34731 0.34731 0.34731 0.425 0.425 0.425 0.425 0.5247 0.5247 0.5247 0.5247 0.4717 0.4717 0.4717 0.4717 0.26575 0.26575 0.26575 0.26575 0.51992 0.51992 0.51992 0.51992 0.21506 0.21506 0.21506 0.21506 0.14142 0.14142 0.14142 0.14142 0.06374 0.06374 0.06374 0.06374 0 0 0 0 0.08839 0.08839 0.08839 0.08839 0.08839 0.08839 0.08839 0.08839
0.09014 0.09014 0.09014 0.09014 0.21506 0.21506 0.21506 0.21506 0.10753 0.10753 0.10753 0.10753 0.13807 0.13807 0.13807 0.13807 0.25125 0.25125 0.25125 0.25125 0.30516 0.30516 0.30516 0.30516 0.34731 0.34731 0.34731 0.34731 0.425 0.425 0.425 0.425 0.5247 0.5247 0.5247 0.5247 0.4717 0.4717 0.4717 0.4717 0.26575 0.26575 0.26575 0.26575 0.51992 0.51992 0.51992 0.51992 0.21506 0.21506 0.21506 0.21506 0.14142 0.14142 0.14142 0.14142 0.06374 0.06374 0.06374 0.06374 0 0 0 0 0.08839 0.08839 0.08839 0.08839 0.08839 0.08839 0.08839 0.08839
