EU_data/Berlin/berlin_slope.asc
ncols         400
nrows         400
xllcorner     4502750
yllcorner     3222000
cellsize      250
NODATA_value  -9999
[rows 160 to 191 of 400, columns 216 to 287 of 400]
0.07289 0.07289 0.07289 0.07289 0.01768 0.01768 0.01768 0.01768 0.06374 0.06374 0.06374 0.06374 0.05303 0.05303 0.05303 0.05303 0.05 0.05 0.05 0.05 0.075 0.075 0.075 0.075 0.05303 0.05303 0.05303 0.05303 0.11319 0.11319 0.11319 0.11319 0.11319 0.11319 0.11319 0.11319 0.025 0.025 0.025 0.025 0.15104 0.15104 0.15104 0.15104 0.075 0.075 0.075 0.075 0.01768 0.01768 0.01768 0.01768 0.08839 0.08839 0.08839 0.08839 0.12374 0.12374 0.12374 0.12374 0.08839 0.08839 0.08839 0.08839 0.0559 0.0559 0.0559 0.0559 0.20616 0.20616 0.20616 0.20616
0.07289 0.07289 0.07289 0.07289 0.01768 0.01768 0.01768 0.01768 0.06374 0.06374 0.06374 0.06374 0.05303 0.05303 0.05303 0.05303 0.05 0.05 0.05 0.05 0.075 0.075 0.075 0.075 0.05303 0.05303 0.05303 0.05303 0.11319 0.11319 0.11319 0.11319 0.11319 0.11319 0.11319 0.11319 0.025 0.025 0.025 0.025 0.15104 0.15104 0.15104 0.15104 0.075 0.075 0.075 0.075 0.01768 0.01768 0.01768 0.01768 0.08839 0.08839 0.08839 0.08839 0.12374 0.12374 0.12374 0.12374 0.08839 0.08839 0.08839 0.08839 0.0559 0.0559 0.0559 0.0559 0.20616 0.20616 0.20616 0.20616
0.07289 0.07289 0.07289 0.07289 0.01768 0.01768 0.01768 0.01768 0.06374 0.06374 0.06374 0.06374 0.05303 0.05303 0.05303 0.05303 0.05 0.05 0.05 0.05 0.075 0.075 0.075 0.075 0.05303 0.05303 0.05303 0.05303 0.11319 0.11319 0.11319 0.11319 0.11319 0.11319 0.11319 0.11319 0.025 0.025 0.025 0.025 0.15104 0.15104 0.15104 0.15104 0.075 0.075 0.075 0.075 0.01768 0.01768 0.01768 0.01768 0.08839 0.08839 0.08839 0.08839 0.12374 0.12374 0.12374 0.12374 0.08839 0.08839 0.08839 0.08839 0.0559 0.0559 0.0559 0.0559 0.20616 0.20616 0.20616 0.20616
0.07289 0.07289 0.07289 0.07289 0.01768 0.01768 0.01768 0.01768 0.06374 0.06374 0.06374 0.06374 0.05303 0.05303 0.05303 0.05303 0.05 0.05 0.05 0.05 0.075 0.075 0.075 0.075 0.05303 0.05303 0.05303 0.05303 0.11319 0.11319 0.11319 0.11319 0.11319 0.11319 0.11319 0.11319 0.025 0.025 0.025 0.025 0.15104 0.15104 0.15104 0.15104 0.075 0.075 0.075 0.075 0.01768 0.01768 0.01768 0.01768 0.08839 0.08839 0.08839 0.08839 0.12374 0.12374 0.12374 0.12374 0.08839 0.08839 0.08839 0.08839 0.0559 0.0559 0.0559 0.0559 0.20616 0.20616 0.20616 0.20616
0.03536 0.03536 0.03536 0.03536 0.06374 0.06374 0.06374 0.06374 0.03536 0.03536 0.03536 0.03536 0.07906 0.07906 0.07906 0.07906 0.06374 0.06374 0.06374 0.06374 0.09014 0.09014 0.09014 0.09014 0.03536 0.03536 0.03536 0.03536 0.05 0.05 0.05 0.05 0.05 0.05 0.05 0.05 0.03953 0.03953 0.03953 0.03953 0.16771 0.16771 0.16771 0.16771 0.1118 0.1118 0.1118 0.1118 0.0559 0.0559 0.0559 0.0559 0.01768 0.01768 0.01768 0.01768 0.10607 0.10607 0.10607 0.10607 0.12374 0.12374 0.12374 0.12374 0.10753 0.10753 0.10753 0.10753 0.14252 0.14252 0.14252 0.14252
0.03536 0.03536 0.03536 0.03536 0.06374 0.06374 0.06374 0.06374 0.03536 0.03536 0.03536 0.03536 0.07906 0.07906 0.07906 0.07906 0.06374 0.06374 0.06374 0.06374 0.09014 0.09014 0.09014 0.09014 0.03536 0.03536 0.03536 0.03536 0.05 0.05 0.05 0.05 0.05 0.05 0.05 0.05 0.03953 0.03953 0.03953 0.03953 0.16771 0.16771 0.16771 0.16771 0.1118 0.1118 0.1118 0.1118 0.0559 0.0559 0.0559 0.0559 0.01768 0.01768 0.01768 0.01768 0.10607 0.10607 0.10607 0.10607 0.12374 0.12374 0.12374 0.12374 0.10753 0.10753 0.10753 0.10753 0.14252 0.14252 0.14252 0.14252
0.03536 0.03536 0.03536 0.03536 0.06374 0.06374 0.06374 0.06374 0.03536 0.03536 0.03536 0.03536 0.07906 0.07906 0.07906 0.07906 0.06374 0.06374 0.06374 0.06374 0.09014 0.09014 0.09014 0.09014 0.03536 0.03536 0.03536 0.03536 0.05 0.05 0.05 0.05 0.05 0.05 0.05 0.05 0.03953 0.03953 0.03953 0.03953 0.16771 0.16771 0.16771 0.16771 0.1118 0.1118 0.1118 0.1118 0.0559 0.0559 0.0559 0.0559 0.01768 0.01768 0.01768 0.01768 0.10607 0.10607 0.10607 0.10607 0.12374 0.12374 0.12374 0.12374 0.10753 0.10753 0.10753 0.10753 0.14252 0.14252 0.14252 0.14252
0.03536 0.03536 0.03536 0.03536 0.06374 0.06374 0.06374 0.06374 0.03536 0.03536 0.03536 0.03536 0.07906 0.07906 0.07906 0.07906 0.06374 0.06374 0.06374 0.06374 0.09014 0.09014 0.09014 0.09014 0.03536 0.03536 0.03536 0.03536 0.05 0.05 0.05 0.05 0.05 0.05 0.05 0.05 0.03953 0.03953 0.03953 0.03953 0.16771 0.16771 0.16771 0.16771 0.1118 0.1118 0.1118 0.1118 0.0559 0.0559 0.0559 0.0559 0.01768 0.01768 0.01768 0.01768 0.10607 0.10607 0.10607 0.10607 0.12374 0.12374 0.12374 0.12374 0.10753 0.10753 0.10753 0.10753 0.14252 0.14252 0.14252 0.14252
0.03953 0.03953 0.03953 0.03953 0.12748 0.12748 0.12748 0.12748 0.07289 0.07289 0.07289 0.07289 0.10753 0.10753 0.10753 0.10753 0.025 0.025 0.025 0.025 0.025 0.025 0.025 0.025 0 0 0 0 0.07289 0.07289 0.07289 0.07289 0.03953 0.03953 0.03953 0.03953 0.025 0.025 0.025 0.025 0.11859 0.11859 0.11859 0.11859 0.11859 0.11859 0.11859 0.11859 0.14252 0.14252 0.14252 0.14252 0.08839 0.08839 0.08839 0.08839 0.07071 0.07071 0.07071 0.07071 0.1118 0.1118 0.1118 0.1118 0.1118 0.1118 0.1118 0.1118 0.09014 0.09014 0.09014 0.09014
0.03953 0.03953 0.03953 0.03953 0.12748 0.12748 0.12748 0.12748 0.07289 0.07289 0.07289 0.07289 0.10753 0.10753 0.10753 0.10753 0.025 0.025 0.025 0.025 0.025 0.025 0.025 0.025 0 0 0 0 0.07289 0.07289 0.07289 0.07289 0.03953 0.03953 0.03953 0.03953 0.025 0.025 0.025 0.025 0.11859 0.11859 0.11859 0.11859 0.11859 0.11859 0.11859 0.11859 0.14252 0.14252 0.14252 0.14252 0.08839 0.08839 0.08839 0.08839 0.07071 0.07071 0.07071 0.07071 0.1118 0.1118 0.1118 0.1118 0.1118 0.1118 0.1118 0.1118 0.09014 0.09014 0.09014 0.09014
0.03953 0.03953 0.03953 0.03953 0.12748 0.12748 0.12748 0.12748 0.07289 0.07289 0.07289 0.07289 0.10753 0.10753 0.10753 0.10753 0.025 0.025 0.025 0.025 0.025 0.025 0.025 0.025 0 0 0 0 0.07289 0.07289 0.07289 0.07289 0.03953 0.03953 0.03953 0.03953 0.025 0.025 0.025 0.025 0.11859 0.11859 0.11859 0.11859 0.11859 0.11859 0.11859 0.11859 0.14252 0.14252 0.14252 0.14252 0.08839 0.08839 0.08839 0.08839 0.07071 0.07071 0.07071 0.07071 0.1118 0.1118 0.1118 0.1118 0.1118 0.1118 0.1118 0.1118 0.09014 0.09014 0.09014 0.09014
0.03953 0.03953 0.03953 0.03953 0.12748 0.12748 0.12748 0.12748 0.07289 0.07289 0.07289 0.07289 0.10753 0.10753 0.10753 0.10753 0.025 0.025 0.025 0.025 0.025 0.025 0.025 0.025 0 0 0 0 0.07289 0.07289 0.07289 0.07289 0.03953 0.03953 0.03953 0.03953 0.025 0.025 0.025 0.025 0.11859 0.11859 0.11859 0.11859 0.11859 0.11859 0.11859 0.11859 0.14252 0.14252 0.14252 0.14252 0.08839 0.08839 0.08839 0.08839 0.07071 0.07071 0.07071 0.07071 0.1118 0.1118 0.1118 0.1118 0.1118 0.1118 0.1118 0.1118 0.09014 0.09014 0.09014 0.09014
0.01768 0.01768 0.01768 0.01768 0.11859 0.11859 0.11859 0.11859 0.11319 0.11319 0.11319 0.11319 0.15 0.15 0.15 0.15 0.24044 0.24044 0.24044 0.24044 0.21578 0.21578 0.21578 0.21578 0.17678 0.17678 0.17678 0.17678 0.1287 0.1287 0.1287 0.1287 0.07071 0.07071 0.07071 0.07071 0.05 0.05 0.05 0.05 0.11859 0.11859 0.11859 0.11859 0.15 0.15 0.15 0.15 0.13807 0.13807 0.13807 0.13807 0.10607 0.10607 0.10607 0.10607 0.075 0.075 0.075 0.075 0.06374 0.06374 0.06374 0.06374 0.12748 0.12748 0.12748 0.12748 0.08839 0.08839 0.08839 0.08839
0.01768 0.01768 0.01768 0.01768 0.11859 0.11859 0.11859 0.11859 0.11319 0.11319 0.11319 0.11319 0.15 0.15 0.15 0.15 0.24044 0.24044 0.24044 0.24044 0.21578 0.21578 0.21578 0.21578 0.17678 0.17678 0.17678 0.17678 0.1287 0.1287 0.1287 0.1287 0.07071 0.07071 0.07071 0.07071 0.05 0.05 0.05 0.05 0.11859 0.11859 0.11859 0.11859 0.15 0.15 0.15 0.15 0.13807 0.13807 0.13807 0.13807 0.10607 0.10607 0.10607 0.10607 0.075 0.075 0.075 0.075 0.06374 0.06374 0.06374 0.06374 0.12748 0.12748 0.12748 0.12748 0.08839 0.08839 0.08839 0.08839
0.01768 0.01768 0.01768 0.01768 0.11859 0.11859 0.11859 0.11859 0.11319 0.11319 0.11319 0.11319 0.15 0.15 0.15 0.15 0.24044 0.24044 0.24044 0.24044 0.21578 0.21578 0.21578 0.21578 0.17678 0.17678 0.17678 0.17678 0.1287 0.1287 0.1287 0.1287 0.07071 0.07071 0.07071 0.07071 0.05 0.05 0.05 0.05 0.11859 0.11859 0.11859 0.11859 0.15 0.15 0.15 0.15 0.13807 0.13807 0.13807 0.13807 0.10607 0.10607 0.10607 0.10607 0.075 0.075 0.075 0.075 0.06374 0.06374 0.06374 0.06374 0.12748 0.12748 0.12748 0.12748 0.08839 0.08839 0.08839 0.08839
0.01768 0.01768 0.01768 0.01768 0.11859 0.11859 0.11859 0.11859 0.11319 0.11319 0.11319 0.11319 0.15 0.15 0.15 0.15 0.24044 0.24044 0.24044 0.24044 0.21578 0.21578 0.21578 0.21578 0.17678 0.17678 0.17678 0.17678 0.1287 0.1287 0.1287 0.1287 0.07071 0.07071 0.07071 0.07071 0.05 0.05 0.05 0.05 0.11859 0.11859 0.11859 0.11859 0.15 0.15 0.15 0.15 0.13807 0.13807 0.13807 0.13807 0.10607 0.10607 0.10607 0.10607 0.075 0.075 0.075 0.075 0.06374 0.06374 0.06374 0.06374 0.12748 0.12748 0.12748 0.12748 0.08839 0.08839 0.08839 0.08839
0.175 0.175 0.175 0.175 0.1 0.1 0.1 0.1 0.19121 0.19121 0.19121 0.19121 0.18028 0.18028 0.18028 0.18028 0.17678 0.17678 0.17678 0.17678 0.22638 0.22638 0.22638 0.22638 0.18028 0.18028 0.18028 0.18028 0.15 0.15 0.15 0.15 0.03953 0.03953 0.03953 0.03953 0.01768 0.01768 0.01768 0.01768 0 0 0 0 0 0 0 0 0 0 0 0 0.10308 0.10308 0.10308 0.10308 0.12748 0.12748 0.12748 0.12748 0.09014 0.09014 0.09014 0.09014 0.19764 0.19764 0.19764 0.19764 0.19526 0.19526 0.19526 0.19526
0.175 0.175 0.175 0.175 0.1 0.1 0.1 0.1 0.19121 0.19121 0.19121 0.19121 0.18028 0.18028 0.18028 0.18028 0.17678 0.17678 0.17678 0.17678 0.22638 0.22638 0.22638 0.22638 0.18028 0.18028 0.18028 0.18028 0.15 0.15 0.15 0.15 0.03953 0.03953 0.03953 0.03953 0.01768 0.01768 0.01768 0.01768 0 0 0 0 0 0 0 0 0 0 0 0 0.10308 0.10308 0.10308 0.10308 0.12748 0.12748 0.12748 0.12748 0.09014 0.09014 0.09014 0.09014 0.19764 0.19764 0.19764 0.19764 0.19526 0.19526 0.19526 0.19526
0.175 0.175 0.175 0.175 0.1 0.1 0.1 0.1 0.19121 0.19121 0.19121 0.19121 0.18028 0.18028 0.18028 0.18028 0.17678 0.17678 0.17678 0.17678 0.22638 0.22638 0.22638 0.22638 0.18028 0.18028 0.18028 0.18028 0.15 0.15 0.15 0.15 0.03953 0.03953 0.03953 0.03953 0.01768 0.01768 0.01768 0.01768 0 0 0 0 0 0 0 0 0 0 0 0 0.10308 0.10308 0.10308 0.10308 0.12748 0.12748 0.12748 0.12748 0.09014 0.09014 0.09014 0.09014 0.19764 0.19764 0.19764 0.19764 0.19526 0.19526 0.19526 0.19526
0.175 0.175 0.175 0.175 0.1 0.1 0.1 0.1 0.19121 0.19121 0.19121 0.19121 0.18028 0.18028 0.18028 0.18028 0.17678 0.17678 0.17678 0.17678 0.22638 0.22638 0.22638 0.22638 0.18028 0.18028 0.18028 0.18028 0.15 0.15 0.15 0.15 0.03953 0.03953 0.03953 0.03953 0.01768 0.01768 0.01768 0.01768 0 0 0 0 0 0 0 0 0 0 0 0 0.10308 0.10308 0.10308 0.10308 0.12748 0.12748 0.12748 0.12748 0.09014 0.09014 0.09014 0.09014 0.19764 0.19764 0.19764 0.19764 0.19526 0.19526 0.19526 0.19526
0.25 0.25 0.25 0.25 0.26101 0.26101 0.26101 0.26101 0.21506 0.21506 0.21506 0.21506 0.12748 0.12748 0.12748 0.12748 0.03953 0.03953 0.03953 0.03953 0.09014 0.09014 0.09014 0.09014 0.25311 0.25311 0.25311 0.25311 0.16298 0.16298 0.16298 0.16298 0.01768 0.01768 0.01768 0.01768 0 0 0 0 0.01768 0.01768 0.01768 0.01768 0.025 0.025 0.025 0.025 0.01768 0.01768 0.01768 0.01768 0.05303 0.05303 0.05303 0.05303 0.182 0.182 0.182 0.182 0.20616 0.20616 0.20616 0.20616 0.25 0.25 0.25 0.25 0.26575 0.26575 0.26575 0.26575
0.25 0.25 0.25 0.25 0.26101 0.26101 0.26101 0.26101 0.21506 0.21506 0.21506 0.21506 0.12748 0.12748 0.12748 0.12748 0.03953 0.03953 0.03953 0.03953 0.09014 0.09014 0.09014 0.09014 0.25311 0.25311 0.25311 0.25311 0.16298 0.16298 0.16298 0.16298 0.01768 0.01768 0.01768 0.01768 0 0 0 0 0.01768 0.01768 0.01768 0.01768 0.025 0.025 0.025 0.025 0.01768 0.01768 0.01768 0.01768 0.05303 0.05303 0.05303 0.05303 0.182 0.182 0.182 0.182 0.20616 0.20616 0.20616 0.20616 0.25 0.25 0.25 0.25 0.26575 0.26575 0.26575 0.26575
0.25 0.25 0.25 0.25 0.26101 0.26101 0.26101 0.26101 0.21506 0.21506 0.21506 0.21506 0.12748 0.12748 0.12748 0.12748 0.03953 0.03953 0.03953 0.03953 0.09014 0.09014 0.09014 0.09014 0.25311 0.25311 0.25311 0.25311 0.16298 0.16298 0.16298 0.16298 0.01768 0.01768 0.01768 0.01768 0 0 0 0 0.01768 0.01768 0.01768 0.01768 0.025 0.025 0.025 0.025 0.01768 0.01768 0.01768 0.01768 0.05303 0.05303 0.05303 0.05303 0.182 0.182 0.182 0.182 0.20616 0.20616 0.20616 0.20616 0.25 0.25 0.25 0.25 0.26575 0.26575 0.26575 0.26575
0.25 0.25 0.25 0.25 0.26101 0.26101 0.26101 0.26101 0.21506 0.21506 0.21506 0.21506 0.12748 0.12748 0.12748 0.12748 0.03953 0.03953 0.03953 0.03953 0.09014 0.09014 0.09014 0.09014 0.25311 0.25311 0.25311 0.25311 0.16298 0.16298 0.16298 0.16298 0.01768 0.01768 0.01768 0.01768 0 0 0 0 0.01768 0.01768 0.01768 0.01768 0.025 0.025 0.025 0.025 0.01768 0.01768 0.01768 0.01768 0.05303 0.05303 0.05303 0.05303 0.182 0.182 0.182 0.182 0.20616 0.20616 0.20616 0.20616 0.25 0.25 0.25 0.25 0.26575 0.26575 0.26575 0.26575
0.075 0.075 0.075 0.075 0.11859 0.11859 0.11859 0.11859 0.07906 0.07906 0.07906 0.07906 0.1118 0.1118 0.1118 0.1118 0.21287 0.21287 0.21287 0.21287 0.22981 0.22981 0.22981 0.22981 0.21287 0.21287 0.21287 0.21287 0.03536 0.03536 0.03536 0.03536 0.01768 0.01768 0.01768 0.01768 0.01768 0.01768 0.01768 0.01768 0.05303 0.05303 0.05303 0.05303 0.05 0.05 0.05 0.05 0.05303 0.05303 0.05303 0.05303 0.0559 0.0559 0.0559 0.0559 0.2136 0.2136 0.2136 0.2136 0.24044 0.24044 0.24044 0.24044 0.21287 0.21287 0.21287 0.21287 0.16771 0.16771 0.16771 0.16771
0.075 0.075 0.075 0.075 0.11859 0.11859 0.11859 0.11859 0.07906 0.07906 0.07906 0.07906 0.1118 0.1118 0.1118 0.1118 0.21287 0.21287 0.21287 0.21287 0.22981 0.22981 0.22981 0.22981 0.21287 0.21287 0.21287 0.21287 0.03536 0.03536 0.03536 0.03536 0.01768 0.01768 0.01768 0.01768 0.01768 0.01768 0.01768 0.01768 0.05303 0.05303 0.05303 0.05303 0.05 0.05 0.05 0.05 0.05303 0.05303 0.05303 0.05303 0.0559 0.0559 0.0559 0.0559 0.2136 0.2136 0.2136 0.2136 0.24044 0.24044 0.24044 0.24044 0.21287 0.21287 0.21287 0.21287 0.16771 0.16771 0.16771 0.16771
0.075 0.075 0.075 0.075 0.11859 0.11859 0.11859 0.11859 0.07906 0.07906 0.07906 0.07906 0.1118 0.1118 0.1118 0.1118 0.21287 0.21287 0.21287 0.21287 0.22981 0.22981 0.22981 0.22981 0.21287 0.21287 0.21287 0.21287 0.03536 0.03536 0.03536 0.03536 0.01768 0.01768 0.01768 0.01768 0.01768 0.01768 0.01768 0.01768 0.05303 0.05303 0.05303 0.05303 0.05 0.05 0.05 0.05 0.05303 0.05303 0.05303 0.05303 0.0559 0.0559 0.0559 0.0559 0.2136 0.2136 0.2136 0.2136 0.24044 0.24044 0.24044 0.24044 0.21287 0.21287 0.21287 0.21287 0.16771 0.16771 0.16771 0.16771
0.075 0.075 0.075 0.075 0.11859 0.11859 0.11859 0.11859 0.07906 0.07906 0.07906 0.07906 0.1118 0.1118 0.1118 0.1118 0.21287 0.21287 0.21287 0.21287 0.22981 0.22981 0.22981 0.22981 0.21287 0.21287 0.21287 0.21287 0.03536 0.03536 0.03536 0.03536 0.01768 0.01768 0.01768 0.01768 0.01768 0.01768 0.01768 0.01768 0.05303 0.05303 0.05303 0.05303 0.05 0.05 0.05 0.05 0.05303 0.05303 0.05303 0.05303 0.0559 0.0559 0.0559 0.0559 0.2136 0.2136 0.2136 0.2136 0.24044 0.24044 0.24044 0.24044 0.21287 0.21287 0.21287 0.21287 0.16771 0.16771 0.16771 0.16771
0 0 0 0 0.05303 0.05303 0.05303 0.05303 0.14252 0.14252 0.14252 0.14252 0.19764 0.19764 0.19764 0.19764 0.182 0.182 0.182 0.182 0.17678 0.17678 0.17678 0.17678 0.09014 0.09014 0.09014 0.09014 0.03536 0.03536 0.03536 0.03536 0.01768 0.01768 0.01768 0.01768 0.03953 0.03953 0.03953 0.03953 0.0559 0.0559 0.0559 0.0559 0.025 0.025 0.025 0.025 0.0559 0.0559 0.0559 0.0559 0.07289 0.07289 0.07289 0.07289 0.17678 0.17678 0.17678 0.17678 0.16677 0.16677 0.16677 0.16677 0.19526 0.19526 0.19526 0.19526 0.2215 0.2215 0.2215 0.2215
0 0 0 0 0.05303 0.05303 0.05303 0.05303 0.14252 0.14252 0.14252 0.14252 0.19764 0.19764 0.19764 0.19764 0.182 0.182 0.182 0.182 0.17678 0.17678 0.17678 0.17678 0.09014 0.09014 0.09014 0.09014 0.03536 0.03536 0.03536 0.03536 0.01768 0.01768 0.01768 0.01768 0.03953 0.03953 0.03953 0.03953 0.0559 0.0559 0.0559 0.0559 0.025 0.025 0.025 0.025 0.0559 0.0559 0.0559 0.0559 0.07289 0.07289 0.07289 0.07289 0.17678 0.17678 0.17678 0.17678 0.16677 0.16677 0.16677 0.16677 0.19526 0.19526 0.19526 0.19526 0.2215 0.2215 0.2215 0.2215
0 0 0 0 0.05303 0.05303 0.05303 0.05303 0.14252 0.14252 0.14252 0.14252 0.19764 0.19764 0.19764 0.19764 0.182 0.182 0.182 0.182 0.17678 0.17678 0.17678 0.17678 0.09014 0.09014 0.09014 0.09014 0.03536 0.03536 0.03536 0.03536 0.01768 0.01768 0.01768 0.01768 0.03953 0.03953 0.03953 0.03953 0.0559 0.0559 0.0559 0.0559 0.025 0.025 0.025 0.025 0.0559 0.0559 0.0559 0.0559 0.07289 0.07289 0.07289 0.07289 0.17678 0.17678 0.17678 0.17678 0.16677 0.16677 0.16677 0.16677 0.19526 0.19526 0.19526 0.19526 0.2215 0.2215 0.2215 0.2215
0 0 0 0 0.05303 0.05303 0.05303 0.05303 0.14252 0.14252 0.14252 0.14252 0.19764 0.19764 0.19764 0.19764 0.182 0.182 0.182 0.182 0.17678 0.17678 0.17678 0.17678 0.09014 0.09014 0.09014 0.09014 0.03536 0.03536 0.03536 0.03536 0.01768 0.01768 0.01768 0.01768 0.03953 0.03953 0.03953 0.03953 0.0559 0.0559 0.0559 0.0559 0.025 0.025 0.025 0.025 0.0559 0.0559 0.0559 0.0559 0.07289 0.07289 0.07289 0.07289 0.17678 0.17678 0.17678 0.17678 0.16677 0.16677 0.16677 0.16677 0.19526 0.19526 0.19526 0.19526 0.2215 0.2215 0.2215 0.2215
