EU_data/Berlin/berlin_slope.asc
ncols         400
nrows         400
xllcorner     4502750
yllcorner     3222000
cellsize      250
NODATA_value  -9999
[rows 0 to 31 of 400, columns 288 to 359 of 400]
0.03536 0.03536 0.03536 0.03536 0.0952 0.0952 0.0952 0.0952 0.08839 0.08839 0.08839 0.08839 0.08839 0.08839 0.08839 0.08839 0.12748 0.12748 0.12748 0.12748 0.20156 0.20156 0.20156 0.20156 0.22361 0.22361 0.22361 0.22361 0.2136 0.2136 0.2136 0.2136 0.19039 0.19039 0.19039 0.19039 0.07071 0.07071 0.07071 0.07071 0.05 0.05 0.05 0.05 0.08839 0.08839 0.08839 0.08839 0.18792 0.18792 0.18792 0.18792 0.33541 0.33541 0.33541 0.33541 0.21287 0.21287 0.21287 0.21287 0.25311 0.25311 0.25311 0.25311 0.21213 0.21213 0.21213 0.21213 0.11859 0.11859 0.11859 0.11859
0.03536 0.03536 0.03536 0.03536 0.0952 0.0952 0.0952 0.0952 0.08839 0.08839 0.08839 0.08839 0.08839 0.08839 0.08839 0.08839 0.12748 0.12748 0.12748 0.12748 0.20156 0.20156 0.20156 0.20156 0.22361 0.22361 0.22361 0.22361 0.2136 0.2136 0.2136 0.2136 0.19039 0.19039 0.19039 0.19039 0.07071 0.07071 0.07071 0.07071 0.05 0.05 0.05 0.05 0.08839 0.08839 0.08839 0.08839 0.18792 0.18792 0.18792 0.18792 0.33541 0.33541 0.33541 0.33541 0.21287 0.21287 0.21287 0.21287 0.25311 0.25311 0.25311 0.25311 0.21213 0.21213 0.21213 0.21213 0.11859 0.11859 0.11859 0.11859
0.03536 0.03536 0.03536 0.03536 0.0952 0.0952 0.0952 0.0952 0.08839 0.08839 0.08839 0.08839 0.08839 0.08839 0.08839 0.08839 0.12748 0.12748 0.12748 0.12748 0.20156 0.20156 0.20156 0.20156 0.22361 0.22361 0.22361 0.22361 0.2136 0.2136 0.2136 0.2136 0.19039 0.19039 0.19039 0.19039 0.07071 0.07071 0.07071 0.07071 0.05 0.05 0.05 0.05 0.08839 0.08839 0.08839 0.08839 0.18792 0.18792 0.18792 0.18792 0.33541 0.33541 0.33541 0.33541 0.21287 0.21287 0.21287 0.21287 0.25311 0.25311 0.25311 0.25311 0.21213 0.21213 0.21213 0.21213 0.11859 0.11859 0.11859 0.11859
0.03536 0.03536 0.03536 0.03536 0.0952 0.0952 0.0952 0.0952 0.08839 0.08839 0.08839 0.08839 0.08839 0.08839 0.08839 0.08839 0.12748 0.12748 0.12748 0.12748 0.20156 0.20156 0.20156 0.20156 0.22361 0.22361 0.22361 0.22361 0.2136 0.2136 0.2136 0.2136 0.19039 0.19039 0.19039 0.19039 0.07071 0.07071 0.07071 0.07071 0.05 0.05 0.05 0.05 0.08839 0.08839 0.08839 0.08839 0.18792 0.18792 0.18792 0.18792 0.33541 0.33541 0.33541 0.33541 0.21287 0.21287 0.21287 0.21287 0.25311 0.25311 0.25311 0.25311 0.21213 0.21213 0.21213 0.21213 0.11859 0.11859 0.11859 0.11859
0.11859 0.11859 0.11859 0.11859 0.125 0.125 0.125 0.125 0.13807 0.13807 0.13807 0.13807 0.17678 0.17678 0.17678 0.17678 0.20616 0.20616 0.20616 0.20616 0.18456 0.18456 0.18456 0.18456 0.09014 0.09014 0.09014 0.09014 0.06374 0.06374 0.06374 0.06374 0.07906 0.07906 0.07906 0.07906 0.14577 0.14577 0.14577 0.14577 0.1 0.1 0.1 0.1 0.14577 0.14577 0.14577 0.14577 0.16298 0.16298 0.16298 0.16298 0.22981 0.22981 0.22981 0.22981 0.1118 0.1118 0.1118 0.1118 0.23049 0.23049 0.23049 0.23049 0.19039 0.19039 0.19039 0.19039 0.16298 0.16298 0.16298 0.16298
0.11859 0.11859 0.11859 0.11859 0.125 0.125 0.125 0.125 0.13807 0.13807 0.13807 0.13807 0.17678 0.17678 0.17678 0.17678 0.20616 0.20616 0.20616 0.20616 0.18456 0.18456 0.18456 0.18456 0.09014 0.09014 0.09014 0.09014 0.06374 0.06374 0.06374 0.06374 0.07906 0.07906 0.07906 0.07906 0.14577 0.14577 0.14577 0.14577 0.1 0.1 0.1 0.1 0.14577 0.14577 0.14577 0.14577 0.16298 0.16298 0.16298 0.16298 0.22981 0.22981 0.22981 0.22981 0.1118 0.1118 0.1118 0.1118 0.23049 0.23049 0.23049 0.23049 0.19039 0.19039 0.19039 0.19039 0.16298 0.16298 0.16298 0.16298
0.11859 0.11859 0.11859 0.11859 0.125 0.125 0.125 0.125 0.13807 0.13807 0.13807 0.13807 0.17678 0.17678 0.17678 0.17678 0.20616 0.20616 0.20616 0.20616 0.18456 0.18456 0.18456 0.18456 0.09014 0.09014 0.09014 0.09014 0.06374 0.06374 0.06374 0.06374 0.07906 0.07906 0.07906 0.07906 0.14577 0.14577 0.14577 0.14577 0.1 0.1 0.1 0.1 0.14577 0.14577 0.14577 0.14577 0.16298 0.16298 0.16298 0.16298 0.22981 0.22981 0.22981 0.22981 0.1118 0.1118 0.1118 0.1118 0.23049 0.23049 0.23049 0.23049 0.19039 0.19039 0.19039 0.19039 0.16298 0.16298 0.16298 0.16298
0.11859 0.11859 0.11859 0.11859 0.125 0.125 0.125 0.125 0.13807 0.13807 0.13807 0.13807 0.17678 0.17678 0.17678 0.17678 0.20616 0.20616 0.20616 0.20616 0.18456 0.18456 0.18456 0.18456 0.09014 0.09014 0.09014 0.09014 0.06374 0.06374 0.06374 0.06374 0.07906 0.07906 0.07906 0.07906 0.14577 0.14577 0.14577 0.14577 0.1 0.1 0.1 0.1 0.14577 0.14577 0.14577 0.14577 0.16298 0.16298 0.16298 0.16298 0.22981 0.22981 0.22981 0.22981 0.1118 0.1118 0.1118 0.1118 0.23049 0.23049 0.23049 0.23049 0.19039 0.19039 0.19039 0.19039 0.16298 0.16298 0.16298 0.16298
0.15 0.15 0.15 0.15 0.1 0.1 0.1 0.1 0 0 0 0 0.05 0.05 0.05 0.05 0.05 0.05 0.05 0.05 0.03536 0.03536 0.03536 0.03536 0.05 0.05 0.05 0.05 0.07906 0.07906 0.07906 0.07906 0.1 0.1 0.1 0.1 0.07289 0.07289 0.07289 0.07289 0.06374 0.06374 0.06374 0.06374 0.0952 0.0952 0.0952 0.0952 0.25311 0.25311 0.25311 0.25311 0.26575 0.26575 0.26575 0.26575 0.29633 0.29633 0.29633 0.29633 0.23783 0.23783 0.23783 0.23783 0.07071 0.07071 0.07071 0.07071 0.06374 0.06374 0.06374 0.06374
0.15 0.15 0.15 0.15 0.1 0.1 0.1 0.1 0 0 0 0 0.05 0.05 0.05 0.05 0.05 0.05 0.05 0.05 0.03536 0.03536 0.03536 0.03536 0.05 0.05 0.05 0.05 0.07906 0.07906 0.07906 0.07906 0.1 0.1 0.1 0.1 0.07289 0.07289 0.07289 0.07289 0.06374 0.06374 0.06374 0.06374 0.0952 0.0952 0.0952 0.0952 0.25311 0.25311 0.25311 0.25311 0.26575 0.26575 0.26575 0.26575 0.29633 0.29633 0.29633 0.29633 0.23783 0.23783 0.23783 0.23783 0.07071 0.07071 0.07071 0.07071 0.06374 0.06374 0.06374 0.06374
0.15 0.15 0.15 0.15 0.1 0.1 0.1 0.1 0 0 0 0 0.05 0.05 0.05 0.05 0.05 0.05 0.05 0.05 0.03536 0.03536 0.03536 0.03536 0.05 0.05 0.05 0.05 0.07906 0.07906 0.07906 0.07906 0.1 0.1 0.1 0.1 0.07289 0.07289 0.07289 0.07289 0.06374 0.06374 0.06374 0.06374 0.0952 0.0952 0.0952 0.0952 0.25311 0.25311 0.25311 0.25311 0.26575 0.26575 0.26575 0.26575 0.29633 0.29633 0.29633 0.29633 0.23783 0.23783 0.23783 0.23783 0.07071 0.07071 0.07071 0.07071 0.06374 0.06374 0.06374 0.06374
0.15 0.15 0.15 0.15 0.1 0.1 0.1 0.1 0 0 0 0 0.05 0.05 0.05 0.05 0.05 0.05 0.05 0.05 0.03536 0.03536 0.03536 0.03536 0.05 0.05 0.05 0.05 0.07906 0.07906 0.07906 0.07906 0.1 0.1 0.1 0.1 0.07289 0.07289 0.07289 0.07289 0.06374 0.06374 0.06374 0.06374 0.0952 0.0952 0.0952 0.0952 0.25311 0.25311 0.25311 0.25311 0.26575 0.26575 0.26575 0.26575 0.29633 0.29633 0.29633 0.29633 0.23783 0.23783 0.23783 0.23783 0.07071 0.07071 0.07071 0.07071 0.06374 0.06374 0.06374 0.06374
0.15 0.15 0.15 0.15 0.1 0.1 0.1 0.1 0.03536 0.03536 0.03536 0.03536 0.07906 0.07906 0.07906 0.07906 0.1118 0.1118 0.1118 0.1118 0.07906 0.07906 0.07906 0.07906 0.03536 0.03536 0.03536 0.03536 0.12748 0.12748 0.12748 0.12748 0.0952 0.0952 0.0952 0.0952 0.03953 0.03953 0.03953 0.03953 0.03953 0.03953 0.03953 0.03953 0.1591 0.1591 0.1591 0.1591 0.2215 0.2215 0.2215 0.2215 0.18456 0.18456 0.18456 0.18456 0.20156 0.20156 0.20156 0.20156 0.31623 0.31623 0.31623 0.31623 0.11859 0.11859 0.11859 0.11859 0.01768 0.01768 0.01768 0.01768
0.15 0.15 0.15 0.15 0.1 0.1 0.1 0.1 0.03536 0.03536 0.03536 0.03536 0.07906 0.07906 0.07906 0.07906 0.1118 0.1118 0.1118 0.1118 0.07906 0.07906 0.07906 0.07906 0.03536 0.03536 0.03536 0.03536 0.12748 0.12748 0.12748 0.12748 0.0952 0.0952 0.0952 0.0952 0.03953 0.03953 0.03953 0.03953 0.03953 0.03953 0.03953 0.03953 0.1591 0.1591 0.1591 0.1591 0.2215 0.2215 0.2215 0.2215 0.18456 0.18456 0.18456 0.18456 0.20156 0.20156 0.20156 0.20156 0.31623 0.31623 0.31623 0.31623 0.11859 0.11859 0.11859 0.11859 0.01768 0.01768 0.01768 0.01768
0.15 0.15 0.15 0.15 0.1 0.1 0.1 0.1 0.03536 0.03536 0.03536 0.03536 0.07906 0.07906 0.07906 0.07906 0.1118 0.1118 0.1118 0.1118 0.07906 0.07906 0.07906 0.07906 0.03536 0.03536 0.03536 0.03536 0.12748 0.12748 0.12748 0.12748 0.0952 0.0952 0.0952 0.0952 0.03953 0.03953 0.03953 0.03953 0.03953 0.03953 0.03953 0.03953 0.1591 0.1591 0.1591 0.1591 0.2215 0.2215 0.2215 0.2215 0.18456 0.18456 0.18456 0.18456 0.20156 0.20156 0.20156 0.20156 0.31623 0.31623 0.31623 0.31623 0.11859 0.11859 0.11859 0.11859 0.01768 0.01768 0.01768 0.01768
0.15 0.15 0.15 0.15 0.1 0.1 0.1 0.1 0.03536 0.03536 0.03536 0.03536 0.07906 0.07906 0.07906 0.07906 0.1118 0.1118 0.1118 0.1118 0.07906 0.07906 0.07906 0.07906 0.03536 0.03536 0.03536 0.03536 0.12748 0.12748 0.12748 0.12748 0.0952 0.0952 0.0952 0.0952 0.03953 0.03953 0.03953 0.03953 0.03953 0.03953 0.03953 0.03953 0.1591 0.1591 0.1591 0.1591 0.2215 0.2215 0.2215 0.2215 0.18456 0.18456 0.18456 0.18456 0.20156 0.20156 0.20156 0.20156 0.31623 0.31623 0.31623 0.31623 0.11859 0.11859 0.11859 0.11859 0.01768 0.01768 0.01768 0.01768
0.11859 0.11859 0.11859 0.11859 0.125 0.125 0.125 0.125 0.03953 0.03953 0.03953 0.03953 0 0 0 0 0.03536 0.03536 0.03536 0.03536 0.07906 0.07906 0.07906 0.07906 0.07906 0.07906 0.07906 0.07906 0.1 0.1 0.1 0.1 0.09014 0.09014 0.09014 0.09014 0.01768 0.01768 0.01768 0.01768 0.10753 0.10753 0.10753 0.10753 0.16298 0.16298 0.16298 0.16298 0.05 0.05 0.05 0.05 0.13463 0.13463 0.13463 0.13463 0.1 0.1 0.1 0.1 0.24044 0.24044 0.24044 0.24044 0.2136 0.2136 0.2136 0.2136 0.05303 0.05303 0.05303 0.05303
0.11859 0.11859 0.11859 0.11859 0.125 0.125 0.125 0.125 0.03953 0.03953 0.03953 0.03953 0 0 0 0 0.03536 0.03536 0.03536 0.03536 0.07906 0.07906 0.07906 0.07906 0.07906 0.07906 0.07906 0.07906 0.1 0.1 0.1 0.1 0.09014 0.09014 0.09014 0.09014 0.01768 0.01768 0.01768 0.01768 0.10753 0.10753 0.10753 0.10753 0.16298 0.16298 0.16298 0.16298 0.05 0.05 0.05 0.05 0.13463 0.13463 0.13463 0.13463 0.1 0.1 0.1 0.1 0.24044 0.24044 0.24044 0.24044 0.2136 0.2136 0.2136 0.2136 0.05303 0.05303 0.05303 0.05303
0.11859 0.11859 0.11859 0.11859 0.125 0.125 0.125 0.125 0.03953 0.03953 0.03953 0.03953 0 0 0 0 0.03536 0.03536 0.03536 0.03536 0.07906 0.07906 0.07906 0.07906 0.07906 0.07906 0.07906 0.07906 0.1 0.1 0.1 0.1 0.09014 0.09014 0.09014 0.09014 0.01768 0.01768 0.01768 0.01768 0.10753 0.10753 0.10753 0.10753 0.16298 0.16298 0.16298 0.16298 0.05 0.05 0.05 0.05 0.13463 0.13463 0.13463 0.13463 0.1 0.1 0.1 0.1 0.24044 0.24044 0.24044 0.24044 0.2136 0.2136 0.2136 0.2136 0.05303 0.05303 0.05303 0.05303
0.11859 0.11859 0.11859 0.11859 0.125 0.125 0.125 0.125 0.03953 0.03953 0.03953 0.03953 0 0 0 0 0.03536 0.03536 0.03536 0.03536 0.07906 0.07906 0.07906 0.07906 0.07906 0.07906 0.07906 0.07906 0.1 0.1 0.1 0.1 0.09014 0.09014 0.09014 0.09014 0.01768 0.01768 0.01768 0.01768 0.10753 0.10753 0.10753 0.10753 0.16298 0.16298 0.16298 0.16298 0.05 0.05 0.05 0.05 0.13463 0.13463 0.13463 0.13463 0.1 0.1 0.1 0.1 0.24044 0.24044 0.24044 0.24044 0.2136 0.2136 0.2136 0.2136 0.05303 0.05303 0.05303 0.05303
0.05303 0.05303 0.05303 0.05303 0.1287 0.1287 0.1287 0.1287 0.06374 0.06374 0.06374 0.06374 0.01768 0.01768 0.01768 0.01768 0 0 0 0 0.07906 0.07906 0.07906 0.07906 0.10607 0.10607 0.10607 0.10607 0.1118 0.1118 0.1118 0.1118 0.1287 0.1287 0.1287 0.1287 0.06374 0.06374 0.06374 0.06374 0.11859 0.11859 0.11859 0.11859 0.1 0.1 0.1 0.1 0.01768 0.01768 0.01768 0.01768 0 0 0 0 0.0559 0.0559 0.0559 0.0559 0.08839 0.08839 0.08839 0.08839 0.21506 0.21506 0.21506 0.21506 0.1118 0.1118 0.1118 0.1118
0.05303 0.05303 0.05303 0.05303 0.1287 0.1287 0.1287 0.1287 0.06374 0.06374 0.06374 0.06374 0.01768 0.01768 0.01768 0.01768 0 0 0 0 0.07906 0.07906 0.07906 0.07906 0.10607 0.10607 0.10607 0.10607 0.1118 0.1118 0.1118 0.1118 0.1287 0.1287 0.1287 0.1287 0.06374 0.06374 0.06374 0.06374 0.11859 0.11859 0.11859 0.11859 0.1 0.1 0.1 0.1 0.01768 0.01768 0.01768 0.01768 0 0 0 0 0.0559 0.0559 0.0559 0.0559 0.08839 0.08839 0.08839 0.08839 0.21506 0.21506 0.21506 0.21506 0.1118 0.1118 0.1118 0.1118
0.05303 0.05303 0.05303 0.05303 0.1287 0.1287 0.1287 0.1287 0.06374 0.06374 0.06374 0.06374 0.01768 0.01768 0.01768 0.01768 0 0 0 0 0.07906 0.07906 0.07906 0.07906 0.10607 0.10607 0.10607 0.10607 0.1118 0.1118 0.1118 0.1118 0.1287 0.1287 0.1287 0.1287 0.06374 0.06374 0.06374 0.06374 0.11859 0.11859 0.11859 0.11859 0.1 0.1 0.1 0.1 0.01768 0.01768 0.01768 0.01768 0 0 0 0 0.0559 0.0559 0.0559 0.0559 0.08839 0.08839 0.08839 0.08839 0.21506 0.21506 0.21506 0.21506 0.1118 0.1118 0.1118 0.1118
0.05303 0.05303 0.05303 0.05303 0.1287 0.1287 0.1287 0.1287 0.06374 0.06374 0.06374 0.06374 0.01768 0.01768 0.01768 0.01768 0 0 0 0 0.07906 0.07906 0.07906 0.07906 0.10607 0.10607 0.10607 0.10607 0.1118 0.1118 0.1118 0.1118 0.1287 0.1287 0.1287 0.1287 0.06374 0.06374 0.06374 0.06374 0.11859 0.11859 0.11859 0.11859 0.1 0.1 0.1 0.1 0.01768 0.01768 0.01768 0.01768 0 0 0 0 0.0559 0.0559 0.0559 0.0559 0.08839 0.08839 0.08839 0.08839 0.21506 0.21506 0.21506 0.21506 0.1118 0.1118 0.1118 0.1118
0 0 0 0 0.125 0.125 0.125 0.125 0.1 0.1 0.1 0.1 0.025 0.025 0.025 0.025 0 0 0 0 0.03536 0.03536 0.03536 0.03536 0.07071 0.07071 0.07071 0.07071 0.07906 0.07906 0.07906 0.07906 0.15 0.15 0.15 0.15 0.1 0.1 0.1 0.1 0.07289 0.07289 0.07289 0.07289 0.10607 0.10607 0.10607 0.10607 0.0559 0.0559 0.0559 0.0559 0.03953 0.03953 0.03953 0.03953 0.0559 0.0559 0.0559 0.0559 0.07906 0.07906 0.07906 0.07906 0.1591 0.1591 0.1591 0.1591 0.18456 0.18456 0.18456 0.18456
0 0 0 0 0.125 0.125 0.125 0.125 0.1 0.1 0.1 0.1 0.025 0.025 0.025 0.025 0 0 0 0 0.03536 0.03536 0.03536 0.03536 0.07071 0.07071 0.07071 0.07071 0.07906 0.07906 0.07906 0.07906 0.15 0.15 0.15 0.15 0.1 0.1 0.1 0.1 0.07289 0.07289 0.07289 0.07289 0.10607 0.10607 0.10607 0.10607 0.0559 0.0559 0.0559 0.0559 0.03953 0.03953 0.03953 0.03953 0.0559 0.0559 0.0559 0.0559 0.07906 0.07906 0.07906 0.07906 0.1591 0.1591 0.1591 0.1591 0.18456 0.18456 0.18456 0.18456
0 0 0 0 0.125 0.125 0.125 0.125 0.1 0.1 0.1 0.1 0.025 0.025 0.025 0.025 0 0 0 0 0.03536 0.03536 0.03536 0.03536 0.07071 0.07071 0.07071 0.07071 0.07906 0.07906 0.07906 0.07906 0.15 0.15 0.15 0.15 0.1 0.1 0.1 0.1 0.07289 0.07289 0.07289 0.07289 0.10607 0.10607 0.10607 0.10607 0.0559 0.0559 0.0559 0.0559 0.03953 0.03953 0.03953 0.03953 0.0559 0.0559 0.0559 0.0559 0.07906 0.07906 0.07906 0.07906 0.1591 0.1591 0.1591 0.1591 0.18456 0.18456 0.18456 0.18456
0 0 0 0 0.125 0.125 0.125 0.125 0.1 0.1 0.1 0.1 0.025 0.025 0.025 0.025 0 0 0 0 0.03536 0.03536 0.03536 0.03536 0.07071 0.07071 0.07071 0.07071 0.07906 0.07906 0.07906 0.07906 0.15 0.15 0.15 0.15 0.1 0.1 0.1 0.1 0.07289 0.07289 0.07289 0.07289 0.10607 0.10607 0.10607 0.10607 0.0559 0.0559 0.0559 0.0559 0.03953 0.03953 0.03953 0.03953 0.0559 0.0559 0.0559 0.0559 0.07906 0.07906 0.07906 0.07906 0.1591 0.1591 0.1591 0.1591 0.18456 0.18456 0.18456 0.18456
0 0 0 0 0.11319 0.11319 0.11319 0.11319 0.10308 0.10308 0.10308 0.10308 0.01768 0.01768 0.01768 0.01768 0 0 0 0 0.03536 0.03536 0.03536 0.03536 0.10607 0.10607 0.10607 0.10607 0.14142 0.14142 0.14142 0.14142 0.14577 0.14577 0.14577 0.14577 0.06374 0.06374 0.06374 0.06374 0.06374 0.06374 0.06374 0.06374 0.12374 0.12374 0.12374 0.12374 0.09014 0.09014 0.09014 0.09014 0.03536 0.03536 0.03536 0.03536 0.01768 0.01768 0.01768 0.01768 0.12748 0.12748 0.12748 0.12748 0.0952 0.0952 0.0952 0.0952 0.175 0.175 0.175 0.175
0 0 0 0 0.11319 0.11319 0.11319 0.11319 0.10308 0.10308 0.10308 0.10308 0.01768 0.01768 0.01768 0.01768 0 0 0 0 0.03536 0.03536 0.03536 0.03536 0.10607 0.10607 0.10607 0.10607 0.14142 0.14142 0.14142 0.14142 0.14577 0.14577 0.14577 0.14577 0.06374 0.06374 0.06374 0.06374 0.06374 0.06374 0.06374 0.06374 0.12374 0.12374 0.12374 0.12374 0.09014 0.09014 0.09014 0.09014 0.03536 0.03536 0.03536 0.03536 0.01768 0.01768 0.01768 0.01768 0.12748 0.12748 0.12748 0.12748 0.0952 0.0952 0.0952 0.0952 0.175 0.175 0.175 0.175
0 0 0 0 0.11319 0.11319 0.11319 0.11319 0.10308 0.10308 0.10308 0.10308 0.01768 0.01768 0.01768 0.01768 0 0 0 0 0.03536 0.03536 0.03536 0.03536 0.10607 0.10607 0.10607 0.10607 0.14142 0.14142 0.14142 0.14142 0.14577 0.14577 0.14577 0.14577 0.06374 0.06374 0.06374 0.06374 0.06374 0.06374 0.06374 0.06374 0.12374 0.12374 0.12374 0.12374 0.09014 0.09014 0.09014 0.09014 0.03536 0.03536 0.03536 0.03536 0.01768 0.01768 0.01768 0.01768 0.12748 0.12748 0.12748 0.12748 0.0952 0.0952 0.0952 0.0952 0.175 0.175 0.175 0.175
0 0 0 0 0.11319 0.11319 0.11319 0.11319 0.10308 0.10308 0.10308 0.10308 0.01768 0.01768 0.01768 0.01768 0 0 0 0 0.03536 0.03536 0.03536 0.03536 0.10607 0.10607 0.10607 0.10607 0.14142 0.14142 0.14142 0.14142 0.14577 0.14577 0.14577 0.14577 0.06374 0.06374 0.06374 0.06374 0.06374 0.06374 0.06374 0.06374 0.12374 0.12374 0.12374 0.12374 0.09014 0.09014 0.09014 0.09014 0.03536 0.03536 0.03536 0.03536 0.01768 0.01768 0.01768 0.01768 0.12748 0.12748 0.12748 0.12748 0.0952 0.0952 0.0952 0.0952 0.175 0.175 0.175 0.175
