EU_data/Berlin/berlin_elevation.asc
ncols         400
nrows         400
xllcorner     4502750
yllcorner     3222000
cellsize      250
NODATA_value  -9999
[rows 330 to 384 of 400, columns 0 to 95 of 400]
16 16 16 16 15 15 15 15 12 12 12 12 12 12 12 12 12 12 12 12 12 12 12 12 12 12 12 12 12 12 12 12 12 12 12 12 15 15 15 15 15 15 15 15 14 14 14 14 16 16 16 16 19 19 19 19 19 19 19 19 19 19 19 19 19 19 19 19 18 18 18 18 20 20 20 20 20 20 20 20 22 22 22 22 22 22 22 22 22 22 22 22 21 21 21 21
16 16 16 16 15 15 15 15 12 12 12 12 12 12 12 12 12 12 12 12 12 12 12 12 12 12 12 12 12 12 12 12 12 12 12 12 15 15 15 15 15 15 15 15 14 14 14 14 16 16 16 16 19 19 19 19 19 19 19 19 19 19 19 19 19 19 19 19 18 18 18 18 20 20 20 20 20 20 20 20 22 22 22 22 22 22 22 22 22 22 22 22 21 21 21 21
22 22 22 22 19 19 19 19 17 17 17 17 12 12 12 12 12 12 12 12 12 12 12 12 12 12 12 12 12 12 12 12 12 12 12 12 15 15 15 15 15 15 15 15 14 14 14 14 16 16 16 16 16 16 16 16 16 16 16 16 16 16 16 16 19 19 19 19 18 18 18 18 20 20 20 20 20 20 20 20 20 20 20 20 22 22 22 22 22 22 22 22 21 21 21 21
22 22 22 22 19 19 19 19 17 17 17 17 12 12 12 12 12 12 12 12 12 12 12 12 12 12 12 12 12 12 12 12 12 12 12 12 15 15 15 15 15 15 15 15 14 14 14 14 16 16 16 16 16 16 16 16 16 16 16 16 16 16 16 16 19 19 19 19 18 18 18 18 20 20 20 20 20 20 20 20 20 20 20 20 22 22 22 22 22 22 22 22 21 21 21 21
22 22 22 22 19 19 19 19 17 17 17 17 12 12 12 12 12 12 12 12 12 12 12 12 12 12 12 12 12 12 12 12 12 12 12 12 15 15 15 15 15 15 15 15 14 14 14 14 16 16 16 16 16 16 16 16 16 16 16 16 16 16 16 16 19 19 19 19 18 18 18 18 20 20 20 20 20 20 20 20 20 20 20 20 22 22 22 22 22 22 22 22 21 21 21 21
22 22 22 22 19 19 19 19 17 17 17 17 12 12 12 12 12 12 12 12 12 12 12 12 12 12 12 12 12 12 12 12 12 12 12 12 15 15 15 15 15 15 15 15 14 14 14 14 16 16 16 16 16 16 16 16 16 16 16 16 16 16 16 16 19 19 19 19 18 18 18 18 20 20 20 20 20 20 20 20 20 20 20 20 22 22 22 22 22 22 22 22 21 21 21 21
21 21 21 21 23 23 23 23 26 26 26 26 15 15 15 15 12 12 12 12 12 12 12 12 12 12 12 12 12 12 12 12 12 12 12 12 12 12 12 12 15 15 15 15 17 17 17 17 17 17 17 17 17 17 17 17 16 16 16 16 16 16 16 16 16 16 16 16 19 19 19 19 18 18 18 18 20 20 20 20 20 20 20 20 20 20 20 20 22 22 22 22 22 22 22 22
21 21 21 21 23 23 23 23 26 26 26 26 15 15 15 15 12 12 12 12 12 12 12 12 12 12 12 12 12 12 12 12 12 12 12 12 12 12 12 12 15 15 15 15 17 17 17 17 17 17 17 17 17 17 17 17 16 16 16 16 16 16 16 16 16 16 16 16 19 19 19 19 18 18 18 18 20 20 20 20 20 20 20 20 20 20 20 20 22 22 22 22 22 22 22 22
21 21 21 21 23 23 23 23 26 26 26 26 15 15 15 15 12 12 12 12 12 12 12 12 12 12 12 12 12 12 12 12 12 12 12 12 12 12 12 12 15 15 15 15 17 17 17 17 17 17 17 17 17 17 17 17 16 16 16 16 16 16 16 16 16 16 16 16 19 19 19 19 18 18 18 18 20 20 20 20 20 20 20 20 20 20 20 20 22 22 22 22 22 22 22 22
21 21 21 21 23 23 23 23 26 26 26 26 15 15 15 15 12 12 12 12 12 12 12 12 12 12 12 12 12 12 12 12 12 12 12 12 12 12 12 12 15 15 15 15 17 17 17 17 17 17 17 17 17 17 17 17 16 16 16 16 16 16 16 16 16 16 16 16 19 19 19 19 18 18 18 18 20 20 20 20 20 20 20 20 20 20 20 20 22 22 22 22 22 22 22 22
25 25 25 25 29 29 29 29 29 29 29 29 14 14 14 14 12 12 12 12 12 12 12 12 12 12 12 12 12 12 12 12 12 12 12 12 12 12 12 12 15 15 15 15 14 14 14 14 17 17 17 17 16 16 16 16 16 16 16 16 16 16 16 16 16 16 16 16 19 19 19 19 18 18 18 18 18 18 18 18 18 18 18 18 20 20 20 20 20 20 20 20 20 20 20 20
25 25 25 25 29 29 29 29 29 29 29 29 14 14 14 14 12 12 12 12 12 12 12 12 12 12 12 12 12 12 12 12 12 12 12 12 12 12 12 12 15 15 15 15 14 14 14 14 17 17 17 17 16 16 16 16 16 16 16 16 16 16 16 16 16 16 16 16 19 19 19 19 18 18 18 18 18 18 18 18 18 18 18 18 20 20 20 20 20 20 20 20 20 20 20 20
25 25 25 25 29 29 29 29 29 29 29 29 14 14 14 14 12 12 12 12 12 12 12 12 12 12 12 12 12 12 12 12 12 12 12 12 12 12 12 12 15 15 15 15 14 14 14 14 17 17 17 17 16 16 16 16 16 16 16 16 16 16 16 16 16 16 16 16 19 19 19 19 18 18 18 18 18 18 18 18 18 18 18 18 20 20 20 20 20 20 20 20 20 20 20 20
25 25 25 25 29 29 29 29 29 29 29 29 14 14 14 14 12 12 12 12 12 12 12 12 12 12 12 12 12 12 12 12 12 12 12 12 12 12 12 12 15 15 15 15 14 14 14 14 17 17 17 17 16 16 16 16 16 16 16 16 16 16 16 16 16 16 16 16 19 19 19 19 18 18 18 18 18 18 18 18 18 18 18 18 20 20 20 20 20 20 20 20 20 20 20 20
28 28 28 28 30 30 30 30 30 30 30 30 16 16 16 16 12 12 12 12 12 12 12 12 12 12 12 12 12 12 12 12 12 12 12 12 12 12 12 12 15 15 15 15 15 15 15 15 14 14 14 14 16 16 16 16 16 16 16 16 16 16 16 16 16 16 16 16 16 16 16 16 19 19 19 19 19 19 19 19 18 18 18 18 18 18 18 18 18 18 18 18 18 18 18 18
28 28 28 28 30 30 30 30 30 30 30 30 16 16 16 16 12 12 12 12 12 12 12 12 12 12 12 12 12 12 12 12 12 12 12 12 12 12 12 12 15 15 15 15 15 15 15 15 14 14 14 14 16 16 16 16 16 16 16 16 16 16 16 16 16 16 16 16 16 16 16 16 19 19 19 19 19 19 19 19 18 18 18 18 18 18 18 18 18 18 18 18 18 18 18 18
28 28 28 28 30 30 30 30 30 30 30 30 16 16 16 16 12 12 12 12 12 12 12 12 12 12 12 12 12 12 12 12 12 12 12 12 12 12 12 12 15 15 15 15 15 15 15 15 14 14 14 14 16 16 16 16 16 16 16 16 16 16 16 16 16 16 16 16 16 16 16 16 19 19 19 19 19 19 19 19 18 18 18 18 18 18 18 18 18 18 18 18 18 18 18 18
28 28 28 28 30 30 30 30 30 30 30 30 16 16 16 16 12 12 12 12 12 12 12 12 12 12 12 12 12 12 12 12 12 12 12 12 12 12 12 12 15 15 15 15 15 15 15 15 14 14 14 14 16 16 16 16 16 16 16 16 16 16 16 16 16 16 16 16 16 16 16 16 19 19 19 19 19 19 19 19 18 18 18 18 18 18 18 18 18 18 18 18 18 18 18 18
31 31 31 31 36 36 36 36 30 30 30 30 22 22 22 22 15 15 15 15 15 15 15 15 12 12 12 12 12 12 12 12 12 12 12 12 12 12 12 12 15 15 15 15 15 15 15 15 15 15 15 15 17 17 17 17 17 17 17 17 17 17 17 17 16 16 16 16 16 16 16 16 16 16 16 16 16 16 16 16 19 19 19 19 19 19 19 19 19 19 19 19 19 19 19 19
31 31 31 31 36 36 36 36 30 30 30 30 22 22 22 22 15 15 15 15 15 15 15 15 12 12 12 12 12 12 12 12 12 12 12 12 12 12 12 12 15 15 15 15 15 15 15 15 15 15 15 15 17 17 17 17 17 17 17 17 17 17 17 17 16 16 16 16 16 16 16 16 16 16 16 16 16 16 16 16 19 19 19 19 19 19 19 19 19 19 19 19 19 19 19 19
31 31 31 31 36 36 36 36 30 30 30 30 22 22 22 22 15 15 15 15 15 15 15 15 12 12 12 12 12 12 12 12 12 12 12 12 12 12 12 12 15 15 15 15 15 15 15 15 15 15 15 15 17 17 17 17 17 17 17 17 17 17 17 17 16 16 16 16 16 16 16 16 16 16 16 16 16 16 16 16 19 19 19 19 19 19 19 19 19 19 19 19 19 19 19 19
31 31 31 31 36 36 36 36 30 30 30 30 22 22 22 22 15 15 15 15 15 15 15 15 12 12 12 12 12 12 12 12 12 12 12 12 12 12 12 12 15 15 15 15 15 15 15 15 15 15 15 15 17 17 17 17 17 17 17 17 17 17 17 17 16 16 16 16 16 16 16 16 16 16 16 16 16 16 16 16 19 19 19 19 19 19 19 19 19 19 19 19 19 19 19 19
38 38 38 38 38 38 38 38 30 30 30 30 22 22 22 22 17 17 17 17 14 14 14 14 15 15 15 15 15 15 15 15 15 15 15 15 15 15 15 15 15 15 15 15 15 15 15 15 15 15 15 15 15 15 15 15 15 15 15 15 14 14 14 14 17 17 17 17 16 16 16 16 16 16 16 16 16 16 16 16 16 16 16 16 16 16 16 16 19 19 19 19 16 16 16 16
38 38 38 38 38 38 38 38 30 30 30 30 22 22 22 22 17 17 17 17 14 14 14 14 15 15 15 15 15 15 15 15 15 15 15 15 15 15 15 15 15 15 15 15 15 15 15 15 15 15 15 15 15 15 15 15 15 15 15 15 14 14 14 14 17 17 17 17 16 16 16 16 16 16 16 16 16 16 16 16 16 16 16 16 16 16 16 16 19 19 19 19 16 16 16 16
38 38 38 38 38 38 38 38 30 30 30 30 22 22 22 22 17 17 17 17 14 14 14 14 15 15 15 15 15 15 15 15 15 15 15 15 15 15 15 15 15 15 15 15 15 15 15 15 15 15 15 15 15 15 15 15 15 15 15 15 14 14 14 14 17 17 17 17 16 16 16 16 16 16 16 16 16 16 16 16 16 16 16 16 16 16 16 16 19 19 19 19 16 16 16 16
38 38 38 38 38 38 38 38 30 30 30 30 22 22 22 22 17 17 17 17 14 14 14 14 15 15 15 15 15 15 15 15 15 15 15 15 15 15 15 15 15 15 15 15 15 15 15 15 15 15 15 15 15 15 15 15 15 15 15 15 14 14 14 14 17 17 17 17 16 16 16 16 16 16 16 16 16 16 16 16 16 16 16 16 16 16 16 16 19 19 19 19 16 16 16 16
39 39 39 39 40 40 40 40 32 32 32 32 21 21 21 21 16 16 16 16 17 17 17 17 14 14 14 14 14 14 14 14 15 15 15 15 15 15 15 15 15 15 15 15 15 15 15 15 15 15 15 15 15 15 15 15 15 15 15 15 15 15 15 15 15 15 15 15 15 15 15 15 17 17 17 17 16 16 16 16 16 16 16 16 16 16 16 16 16 16 16 16 17 17 17 17
39 39 39 39 40 40 40 40 32 32 32 32 21 21 21 21 16 16 16 16 17 17 17 17 14 14 14 14 14 14 14 14 15 15 15 15 15 15 15 15 15 15 15 15 15 15 15 15 15 15 15 15 15 15 15 15 15 15 15 15 15 15 15 15 15 15 15 15 15 15 15 15 17 17 17 17 16 16 16 16 16 16 16 16 16 16 16 16 16 16 16 16 17 17 17 17
39 39 39 39 40 40 40 40 32 32 32 32 21 21 21 21 16 16 16 16 17 17 17 17 14 14 14 14 14 14 14 14 15 15 15 15 15 15 15 15 15 15 15 15 15 15 15 15 15 15 15 15 15 15 15 15 15 15 15 15 15 15 15 15 15 15 15 15 15 15 15 15 17 17 17 17 16 16 16 16 16 16 16 16 16 16 16 16 16 16 16 16 17 17 17 17
39 39 39 39 40 40 40 40 32 32 32 32 21 21 21 21 16 16 16 16 17 17 17 17 14 14 14 14 14 14 14 14 15 15 15 15 15 15 15 15 15 15 15 15 15 15 15 15 15 15 15 15 15 15 15 15 15 15 15 15 15 15 15 15 15 15 15 15 15 15 15 15 17 17 17 17 16 16 16 16 16 16 16 16 16 16 16 16 16 16 16 16 17 17 17 17
41 41 41 41 41 41 41 41 38 38 38 38 29 29 29 29 18 18 18 18 16 16 16 16 17 17 17 17 14 14 14 14 14 14 14 14 14 14 14 14 14 14 14 14 14 14 14 14 14 14 14 14 14 14 14 14 15 15 15 15 15 15 15 15 12 12 12 12 12 12 12 12 12 12 12 12 17 17 17 17 17 17 17 17 17 17 17 17 17 17 17 17 15 15 15 15
41 41 41 41 41 41 41 41 38 38 38 38 29 29 29 29 18 18 18 18 16 16 16 16 17 17 17 17 14 14 14 14 14 14 14 14 14 14 14 14 14 14 14 14 14 14 14 14 14 14 14 14 14 14 14 14 15 15 15 15 15 15 15 15 12 12 12 12 12 12 12 12 12 12 12 12 17 17 17 17 17 17 17 17 17 17 17 17 17 17 17 17 15 15 15 15
41 41 41 41 41 41 41 41 38 38 38 38 29 29 29 29 18 18 18 18 16 16 16 16 17 17 17 17 14 14 14 14 14 14 14 14 14 14 14 14 14 14 14 14 14 14 14 14 14 14 14 14 14 14 14 14 15 15 15 15 15 15 15 15 12 12 12 12 12 12 12 12 12 12 12 12 17 17 17 17 17 17 17 17 17 17 17 17 17 17 17 17 15 15 15 15
41 41 41 41 41 41 41 41 38 38 38 38 29 29 29 29 18 18 18 18 16 16 16 16 17 17 17 17 14 14 14 14 14 14 14 14 14 14 14 14 14 14 14 14 14 14 14 14 14 14 14 14 14 14 14 14 15 15 15 15 15 15 15 15 12 12 12 12 12 12 12 12 12 12 12 12 17 17 17 17 17 17 17 17 17 17 17 17 17 17 17 17 15 15 15 15
47 47 47 47 41 41 41 41 36 36 36 36 28 28 28 28 20 20 20 20 19 19 19 19 16 16 16 16 17 17 17 17 17 17 17 17 17 17 17 17 14 14 14 14 17 17 17 17 17 17 17 17 14 14 14 14 14 14 14 14 15 15 15 15 12 12 12 12 12 12 12 12 12 12 12 12 12 12 12 12 12 12 12 12 12 12 12 12 15 15 15 15 12 12 12 12
47 47 47 47 41 41 41 41 36 36 36 36 28 28 28 28 20 20 20 20 19 19 19 19 16 16 16 16 17 17 17 17 17 17 17 17 17 17 17 17 14 14 14 14 17 17 17 17 17 17 17 17 14 14 14 14 14 14 14 14 15 15 15 15 12 12 12 12 12 12 12 12 12 12 12 12 12 12 12 12 12 12 12 12 12 12 12 12 15 15 15 15 12 12 12 12
47 47 47 47 41 41 41 41 36 36 36 36 28 28 28 28 20 20 20 20 19 19 19 19 16 16 16 16 17 17 17 17 17 17 17 17 17 17 17 17 14 14 14 14 17 17 17 17 17 17 17 17 14 14 14 14 14 14 14 14 15 15 15 15 12 12 12 12 12 12 12 12 12 12 12 12 12 12 12 12 12 12 12 12 12 12 12 12 15 15 15 15 12 12 12 12
47 47 47 47 41 41 41 41 36 36 36 36 28 28 28 28 20 20 20 20 19 19 19 19 16 16 16 16 17 17 17 17 17 17 17 17 17 17 17 17 14 14 14 14 17 17 17 17 17 17 17 17 14 14 14 14 14 14 14 14 15 15 15 15 12 12 12 12 12 12 12 12 12 12 12 12 12 12 12 12 12 12 12 12 12 12 12 12 15 15 15 15 12 12 12 12
47 47 47 47 42 42 42 42 30 30 30 30 26 26 26 26 21 21 21 21 25 25 25 25 21 21 21 21 16 16 16 16 16 16 16 16 16 16 16 16 19 19 19 19 16 16 16 16 17 17 17 17 17 17 17 17 14 14 14 14 14 14 14 14 12 12 12 12 12 12 12 12 12 12 12 12 15 15 15 15 12 12 12 12 15 15 15 15 12 12 12 12 12 12 12 12
47 47 47 47 42 42 42 42 30 30 30 30 26 26 26 26 21 21 21 21 25 25 25 25 21 21 21 21 16 16 16 16 16 16 16 16 16 16 16 16 19 19 19 19 16 16 16 16 17 17 17 17 17 17 17 17 14 14 14 14 14 14 14 14 12 12 12 12 12 12 12 12 12 12 12 12 15 15 15 15 12 12 12 12 15 15 15 15 12 12 12 12 12 12 12 12
47 47 47 47 42 42 42 42 30 30 30 30 26 26 26 26 21 21 21 21 25 25 25 25 21 21 21 21 16 16 16 16 16 16 16 16 16 16 16 16 19 19 19 19 16 16 16 16 17 17 17 17 17 17 17 17 14 14 14 14 14 14 14 14 12 12 12 12 12 12 12 12 12 12 12 12 15 15 15 15 12 12 12 12 15 15 15 15 12 12 12 12 12 12 12 12
47 47 47 47 42 42 42 42 30 30 30 30 26 26 26 26 21 21 21 21 25 25 25 25 21 21 21 21 16 16 16 16 16 16 16 16 16 16 16 16 19 19 19 19 16 16 16 16 17 17 17 17 17 17 17 17 14 14 14 14 14 14 14 14 12 12 12 12 12 12 12 12 12 12 12 12 15 15 15 15 12 12 12 12 15 15 15 15 12 12 12 12 12 12 12 12
43 43 43 43 40 40 40 40 31 31 31 31 26 26 26 26 28 28 28 28 27 27 27 27 22 22 22 22 19 19 19 19 19 19 19 19 16 16 16 16 19 19 19 19 16 16 16 16 16 16 16 16 16 16 16 16 16 16 16 16 14 14 14 14 15 15 15 15 12 12 12 12 12 12 12 12 15 15 15 15 15 15 15 15 12 12 12 12 12 12 12 12 12 12 12 12
43 43 43 43 40 40 40 40 31 31 31 31 26 26 26 26 28 28 28 28 27 27 27 27 22 22 22 22 19 19 19 19 19 19 19 19 16 16 16 16 19 19 19 19 16 16 16 16 16 16 16 16 16 16 16 16 16 16 16 16 14 14 14 14 15 15 15 15 12 12 12 12 12 12 12 12 15 15 15 15 15 15 15 15 12 12 12 12 12 12 12 12 12 12 12 12
43 43 43 43 40 40 40 40 31 31 31 31 26 26 26 26 28 28 28 28 27 27 27 27 22 22 22 22 19 19 19 19 19 19 19 19 16 16 16 16 19 19 19 19 16 16 16 16 16 16 16 16 16 16 16 16 16 16 16 16 14 14 14 14 15 15 15 15 12 12 12 12 12 12 12 12 15 15 15 15 15 15 15 15 12 12 12 12 12 12 12 12 12 12 12 12
43 43 43 43 40 40 40 40 31 31 31 31 26 26 26 26 28 28 28 28 27 27 27 27 22 22 22 22 19 19 19 19 19 19 19 19 16 16 16 16 19 19 19 19 16 16 16 16 16 16 16 16 16 16 16 16 16 16 16 16 14 14 14 14 15 15 15 15 12 12 12 12 12 12 12 12 15 15 15 15 15 15 15 15 12 12 12 12 12 12 12 12 12 12 12 12
37 37 37 37 32 32 32 32 27 27 27 27 28 28 28 28 27 27 27 27 24 24 24 24 20 20 20 20 20 20 20 20 20 20 20 20 19 19 19 19 19 19 19 19 16 16 16 16 16 16 16 16 19 19 19 19 19 19 19 19 16 16 16 16 15 15 15 15 15 15 15 15 12 12 12 12 15 15 15 15 12 12 12 12 12 12 12 12 12 12 12 12 12 12 12 12
37 37 37 37 32 32 32 32 27 27 27 27 28 28 28 28 27 27 27 27 24 24 24 24 20 20 20 20 20 20 20 20 20 20 20 20 19 19 19 19 19 19 19 19 16 16 16 16 16 16 16 16 19 19 19 19 19 19 19 19 16 16 16 16 15 15 15 15 15 15 15 15 12 12 12 12 15 15 15 15 12 12 12 12 12 12 12 12 12 12 12 12 12 12 12 12
37 37 37 37 32 32 32 32 27 27 27 27 28 28 28 28 27 27 27 27 24 24 24 24 20 20 20 20 20 20 20 20 20 20 20 20 19 19 19 19 19 19 19 19 16 16 16 16 16 16 16 16 19 19 19 19 19 19 19 19 16 16 16 16 15 15 15 15 15 15 15 15 12 12 12 12 15 15 15 15 12 12 12 12 12 12 12 12 12 12 12 12 12 12 12 12
37 37 37 37 32 32 32 32 27 27 27 27 28 28 28 28 27 27 27 27 24 24 24 24 20 20 20 20 20 20 20 20 20 20 20 20 19 19 19 19 19 19 19 19 16 16 16 16 16 16 16 16 19 19 19 19 19 19 19 19 16 16 16 16 15 15 15 15 15 15 15 15 12 12 12 12 15 15 15 15 12 12 12 12 12 12 12 12 12 12 12 12 12 12 12 12
38 38 38 38 36 36 36 36 32 32 32 32 27 27 27 27 25 25 25 25 21 21 21 21 21 21 21 21 22 22 22 22 20 20 20 20 18 18 18 18 19 19 19 19 18 18 18 18 19 19 19 19 20 20 20 20 20 20 20 20 20 20 20 20 16 16 16 16 14 14 14 14 15 15 15 15 15 15 15 15 15 15 15 15 12 12 12 12 15 15 15 15 15 15 15 15
38 38 38 38 36 36 36 36 32 32 32 32 27 27 27 27 25 25 25 25 21 21 21 21 21 21 21 21 22 22 22 22 20 20 20 20 18 18 18 18 19 19 19 19 18 18 18 18 19 19 19 19 20 20 20 20 20 20 20 20 20 20 20 20 16 16 16 16 14 14 14 14 15 15 15 15 15 15 15 15 15 15 15 15 12 12 12 12 15 15 15 15 15 15 15 15
38 38 38 38 36 36 36 36 32 32 32 32 27 27 27 27 25 25 25 25 21 21 21 21 21 21 21 21 22 22 22 22 20 20 20 20 18 18 18 18 19 19 19 19 18 18 18 18 19 19 19 19 20 20 20 20 20 20 20 20 20 20 20 20 16 16 16 16 14 14 14 14 15 15 15 15 15 15 15 15 15 15 15 15 12 12 12 12 15 15 15 15 15 15 15 15
38 38 38 38 36 36 36 36 32 32 32 32 27 27 27 27 25 25 25 25 21 21 21 21 21 21 21 21 22 22 22 22 20 20 20 20 18 18 18 18 19 19 19 19 18 18 18 18 19 19 19 19 20 20 20 20 20 20 20 20 20 20 20 20 16 16 16 16 14 14 14 14 15 15 15 15 15 15 15 15 15 15 15 15 12 12 12 12 15 15 15 15 15 15 15 15
41 41 41 41 45 45 45 45 40 40 40 40 36 36 36 36 29 29 29 29 25 25 25 25 24 24 24 24 21 21 21 21 20 20 20 20 18 18 18 18 18 18 18 18 20 20 20 20 20 20 20 20 20 20 20 20 20 20 20 20 20 20 20 20 18 18 18 18 17 17 17 17 14 14 14 14 14 14 14 14 14 14 14 14 15 15 15 15 14 14 14 14 14 14 14 14
