EU_data/Madrid/madrid_slope.asc
ncols         400
nrows         400
xllcorner     3111250
yllcorner     1981250
cellsize      250
NODATA_value  -9999
[rows 180 to 209 of 400, columns 0 to 68 of 400]
0.17766 0.17766 0.1118 0.1118 0.1118 0.1118 0.4667 0.4667 0.4667 0.4667 0.35223 0.35223 0.35223 0.35223 0.18456 0.18456 0.18456 0.18456 0.28777 0.28777 0.28777 0.28777 0.53502 0.53502 0.53502 0.53502 0.38161 0.38161 0.38161 0.38161 0.26984 0.26984 0.26984 0.26984 0.21287 0.21287 0.21287 0.21287 0.26926 0.26926 0.26926 0.26926 0.24812 0.24812 0.24812 0.24812 0.28504 0.28504 0.28504 0.28504 0.29422 0.29422 0.29422 0.29422 0.22981 0.22981 0.22981 0.22981 0.17766 0.17766 0.17766 0.17766 0.23585 0.23585 0.23585 0.23585 0.28504 0.28504 0.28504
0.17766 0.17766 0.1118 0.1118 0.1118 0.1118 0.4667 0.4667 0.4667 0.4667 0.35223 0.35223 0.35223 0.35223 0.18456 0.18456 0.18456 0.18456 0.28777 0.28777 0.28777 0.28777 0.53502 0.53502 0.53502 0.53502 0.38161 0.38161 0.38161 0.38161 0.26984 0.26984 0.26984 0.26984 0.21287 0.21287 0.21287 0.21287 0.26926 0.26926 0.26926 0.26926 0.24812 0.24812 0.24812 0.24812 0.28504 0.28504 0.28504 0.28504 0.29422 0.29422 0.29422 0.29422 0.22981 0.22981 0.22981 0.22981 0.17766 0.17766 0.17766 0.17766 0.23585 0.23585 0.23585 0.23585 0.28504 0.28504 0.28504
0.17766 0.17766 0.1118 0.1118 0.1118 0.1118 0.4667 0.4667 0.4667 0.4667 0.35223 0.35223 0.35223 0.35223 0.18456 0.18456 0.18456 0.18456 0.28777 0.28777 0.28777 0.28777 0.53502 0.53502 0.53502 0.53502 0.38161 0.38161 0.38161 0.38161 0.26984 0.26984 0.26984 0.26984 0.21287 0.21287 0.21287 0.21287 0.26926 0.26926 0.26926 0.26926 0.24812 0.24812 0.24812 0.24812 0.28504 0.28504 0.28504 0.28504 0.29422 0.29422 0.29422 0.29422 0.22981 0.22981 0.22981 0.22981 0.17766 0.17766 0.17766 0.17766 0.23585 0.23585 0.23585 0.23585 0.28504 0.28504 0.28504
0.2136 0.2136 0.31325 0.31325 0.31325 0.31325 0.21287 0.21287 0.21287 0.21287 0.4786 0.4786 0.4786 0.4786 0.33541 0.33541 0.33541 0.33541 0.07289 0.07289 0.07289 0.07289 0.3877 0.3877 0.3877 0.3877 0.19039 0.19039 0.19039 0.19039 0.1 0.1 0.1 0.1 0.26101 0.26101 0.26101 0.26101 0.34731 0.34731 0.34731 0.34731 0.23049 0.23049 0.23049 0.23049 0.23251 0.23251 0.23251 0.23251 0.23049 0.23049 0.23049 0.23049 0.36443 0.36443 0.36443 0.36443 0.30052 0.30052 0.30052 0.30052 0.21287 0.21287 0.21287 0.21287 0.30104 0.30104 0.30104
0.2136 0.2136 0.31325 0.31325 0.31325 0.31325 0.21287 0.21287 0.21287 0.21287 0.4786 0.4786 0.4786 0.4786 0.33541 0.33541 0.33541 0.33541 0.07289 0.07289 0.07289 0.07289 0.3877 0.3877 0.3877 0.3877 0.19039 0.19039 0.19039 0.19039 0.1 0.1 0.1 0.1 0.26101 0.26101 0.26101 0.26101 0.34731 0.34731 0.34731 0.34731 0.23049 0.23049 0.23049 0.23049 0.23251 0.23251 0.23251 0.23251 0.23049 0.23049 0.23049 0.23049 0.36443 0.36443 0.36443 0.36443 0.30052 0.30052 0.30052 0.30052 0.21287 0.21287 0.21287 0.21287 0.30104 0.30104 0.30104
0.2136 0.2136 0.31325 0.31325 0.31325 0.31325 0.21287 0.21287 0.21287 0.21287 0.4786 0.4786 0.4786 0.4786 0.33541 0.33541 0.33541 0.33541 0.07289 0.07289 0.07289 0.07289 0.3877 0.3877 0.3877 0.3877 0.19039 0.19039 0.19039 0.19039 0.1 0.1 0.1 0.1 0.26101 0.26101 0.26101 0.26101 0.34731 0.34731 0.34731 0.34731 0.23049 0.23049 0.23049 0.23049 0.23251 0.23251 0.23251 0.23251 0.23049 0.23049 0.23049 0.23049 0.36443 0.36443 0.36443 0.36443 0.30052 0.30052 0.30052 0.30052 0.21287 0.21287 0.21287 0.21287 0.30104 0.30104 0.30104
0.2136 0.2136 0.31325 0.31325 0.31325 0.31325 0.21287 0.21287 0.21287 0.21287 0.4786 0.4786 0.4786 0.4786 0.33541 0.33541 0.33541 0.33541 0.07289 0.07289 0.07289 0.07289 0.3877 0.3877 0.3877 0.3877 0.19039 0.19039 0.19039 0.19039 0.1 0.1 0.1 0.1 0.26101 0.26101 0.26101 0.26101 0.34731 0.34731 0.34731 0.34731 0.23049 0.23049 0.23049 0.23049 0.23251 0.23251 0.23251 0.23251 0.23049 0.23049 0.23049 0.23049 0.36443 0.36443 0.36443 0.36443 0.30052 0.30052 0.30052 0.30052 0.21287 0.21287 0.21287 0.21287 0.30104 0.30104 0.30104
0.21866 0.21866 0.28284 0.28284 0.28284 0.28284 0.07906 0.07906 0.07906 0.07906 0.22638 0.22638 0.22638 0.22638 0.25311 0.25311 0.25311 0.25311 0.19445 0.19445 0.19445 0.19445 0.35223 0.35223 0.35223 0.35223 0.26926 0.26926 0.26926 0.26926 0.05303 0.05303 0.05303 0.05303 0.19445 0.19445 0.19445 0.19445 0.19764 0.19764 0.19764 0.19764 0.06374 0.06374 0.06374 0.06374 0.23049 0.23049 0.23049 0.23049 0.16298 0.16298 0.16298 0.16298 0.23783 0.23783 0.23783 0.23783 0.3877 0.3877 0.3877 0.3877 0.36785 0.36785 0.36785 0.36785 0.41269 0.41269 0.41269
0.21866 0.21866 0.28284 0.28284 0.28284 0.28284 0.07906 0.07906 0.07906 0.07906 0.22638 0.22638 0.22638 0.22638 0.25311 0.25311 0.25311 0.25311 0.19445 0.19445 0.19445 0.19445 0.35223 0.35223 0.35223 0.35223 0.26926 0.26926 0.26926 0.26926 0.05303 0.05303 0.05303 0.05303 0.19445 0.19445 0.19445 0.19445 0.19764 0.19764 0.19764 0.19764 0.06374 0.06374 0.06374 0.06374 0.23049 0.23049 0.23049 0.23049 0.16298 0.16298 0.16298 0.16298 0.23783 0.23783 0.23783 0.23783 0.3877 0.3877 0.3877 0.3877 0.36785 0.36785 0.36785 0.36785 0.41269 0.41269 0.41269
0.21866 0.21866 0.28284 0.28284 0.28284 0.28284 0.07906 0.07906 0.07906 0.07906 0.22638 0.22638 0.22638 0.22638 0.25311 0.25311 0.25311 0.25311 0.19445 0.19445 0.19445 0.19445 0.35223 0.35223 0.35223 0.35223 0.26926 0.26926 0.26926 0.26926 0.05303 0.05303 0.05303 0.05303 0.19445 0.19445 0.19445 0.19445 0.19764 0.19764 0.19764 0.19764 0.06374 0.06374 0.06374 0.06374 0.23049 0.23049 0.23049 0.23049 0.16298 0.16298 0.16298 0.16298 0.23783 0.23783 0.23783 0.23783 0.3877 0.3877 0.3877 0.3877 0.36785 0.36785 0.36785 0.36785 0.41269 0.41269 0.41269
0.21866 0.21866 0.28284 0.28284 0.28284 0.28284 0.07906 0.07906 0.07906 0.07906 0.22638 0.22638 0.22638 0.22638 0.25311 0.25311 0.25311 0.25311 0.19445 0.19445 0.19445 0.19445 0.35223 0.35223 0.35223 0.35223 0.26926 0.26926 0.26926 0.26926 0.05303 0.05303 0.05303 0.05303 0.19445 0.19445 0.19445 0.19445 0.19764 0.19764 0.19764 0.19764 0.06374 0.06374 0.06374 0.06374 0.23049 0.23049 0.23049 0.23049 0.16298 0.16298 0.16298 0.16298 0.23783 0.23783 0.23783 0.23783 0.3877 0.3877 0.3877 0.3877 0.36785 0.36785 0.36785 0.36785 0.41269 0.41269 0.41269
0.51992 0.51992 0.41382 0.41382 0.41382 0.41382 0.32596 0.32596 0.32596 0.32596 0.19039 0.19039 0.19039 0.19039 0.10753 0.10753 0.10753 0.10753 0.22361 0.22361 0.22361 0.22361 0.25311 0.25311 0.25311 0.25311 0.34731 0.34731 0.34731 0.34731 0.16298 0.16298 0.16298 0.16298 0.22361 0.22361 0.22361 0.22361 0.05 0.05 0.05 0.05 0.12748 0.12748 0.12748 0.12748 0.31869 0.31869 0.31869 0.31869 0.33588 0.33588 0.33588 0.33588 0.34004 0.34004 0.34004 0.34004 0.38243 0.38243 0.38243 0.38243 0.3877 0.3877 0.3877 0.3877 0.30104 0.30104 0.30104
0.51992 0.51992 0.41382 0.41382 0.41382 0.41382 0.32596 0.32596 0.32596 0.32596 0.19039 0.19039 0.19039 0.19039 0.10753 0.10753 0.10753 0.10753 0.22361 0.22361 0.22361 0.22361 0.25311 0.25311 0.25311 0.25311 0.34731 0.34731 0.34731 0.34731 0.16298 0.16298 0.16298 0.16298 0.22361 0.22361 0.22361 0.22361 0.05 0.05 0.05 0.05 0.12748 0.12748 0.12748 0.12748 0.31869 0.31869 0.31869 0.31869 0.33588 0.33588 0.33588 0.33588 0.34004 0.34004 0.34004 0.34004 0.38243 0.38243 0.38243 0.38243 0.3877 0.3877 0.3877 0.3877 0.30104 0.30104 0.30104
0.51992 0.51992 0.41382 0.41382 0.41382 0.41382 0.32596 0.32596 0.32596 0.32596 0.19039 0.19039 0.19039 0.19039 0.10753 0.10753 0.10753 0.10753 0.22361 0.22361 0.22361 0.22361 0.25311 0.25311 0.25311 0.25311 0.34731 0.34731 0.34731 0.34731 0.16298 0.16298 0.16298 0.16298 0.22361 0.22361 0.22361 0.22361 0.05 0.05 0.05 0.05 0.12748 0.12748 0.12748 0.12748 0.31869 0.31869 0.31869 0.31869 0.33588 0.33588 0.33588 0.33588 0.34004 0.34004 0.34004 0.34004 0.38243 0.38243 0.38243 0.38243 0.3877 0.3877 0.3877 0.3877 0.30104 0.30104 0.30104
0.51992 0.51992 0.41382 0.41382 0.41382 0.41382 0.32596 0.32596 0.32596 0.32596 0.19039 0.19039 0.19039 0.19039 0.10753 0.10753 0.10753 0.10753 0.22361 0.22361 0.22361 0.22361 0.25311 0.25311 0.25311 0.25311 0.34731 0.34731 0.34731 0.34731 0.16298 0.16298 0.16298 0.16298 0.22361 0.22361 0.22361 0.22361 0.05 0.05 0.05 0.05 0.12748 0.12748 0.12748 0.12748 0.31869 0.31869 0.31869 0.31869 0.33588 0.33588 0.33588 0.33588 0.34004 0.34004 0.34004 0.34004 0.38243 0.38243 0.38243 0.38243 0.3877 0.3877 0.3877 0.3877 0.30104 0.30104 0.30104
0.86963 0.86963 0.8301 0.8301 0.8301 0.8301 0.59424 0.59424 0.59424 0.59424 0.34324 0.34324 0.34324 0.34324 0.125 0.125 0.125 0.125 0.24044 0.24044 0.24044 0.24044 0.20616 0.20616 0.20616 0.20616 0.26517 0.26517 0.26517 0.26517 0.11859 0.11859 0.11859 0.11859 0.26517 0.26517 0.26517 0.26517 0.1741 0.1741 0.1741 0.1741 0.26517 0.26517 0.26517 0.26517 0.38931 0.38931 0.38931 0.38931 0.37791 0.37791 0.37791 0.37791 0.37291 0.37291 0.37291 0.37291 0.30208 0.30208 0.30208 0.30208 0.23585 0.23585 0.23585 0.23585 0.1118 0.1118 0.1118
0.86963 0.86963 0.8301 0.8301 0.8301 0.8301 0.59424 0.59424 0.59424 0.59424 0.34324 0.34324 0.34324 0.34324 0.125 0.125 0.125 0.125 0.24044 0.24044 0.24044 0.24044 0.20616 0.20616 0.20616 0.20616 0.26517 0.26517 0.26517 0.26517 0.11859 0.11859 0.11859 0.11859 0.26517 0.26517 0.26517 0.26517 0.1741 0.1741 0.1741 0.1741 0.26517 0.26517 0.26517 0.26517 0.38931 0.38931 0.38931 0.38931 0.37791 0.37791 0.37791 0.37791 0.37291 0.37291 0.37291 0.37291 0.30208 0.30208 0.30208 0.30208 0.23585 0.23585 0.23585 0.23585 0.1118 0.1118 0.1118
0.86963 0.86963 0.8301 0.8301 0.8301 0.8301 0.59424 0.59424 0.59424 0.59424 0.34324 0.34324 0.34324 0.34324 0.125 0.125 0.125 0.125 0.24044 0.24044 0.24044 0.24044 0.20616 0.20616 0.20616 0.20616 0.26517 0.26517 0.26517 0.26517 0.11859 0.11859 0.11859 0.11859 0.26517 0.26517 0.26517 0.26517 0.1741 0.1741 0.1741 0.1741 0.26517 0.26517 0.26517 0.26517 0.38931 0.38931 0.38931 0.38931 0.37791 0.37791 0.37791 0.37791 0.37291 0.37291 0.37291 0.37291 0.30208 0.30208 0.30208 0.30208 0.23585 0.23585 0.23585 0.23585 0.1118 0.1118 0.1118
0.86963 0.86963 0.8301 0.8301 0.8301 0.8301 0.59424 0.59424 0.59424 0.59424 0.34324 0.34324 0.34324 0.34324 0.125 0.125 0.125 0.125 0.24044 0.24044 0.24044 0.24044 0.20616 0.20616 0.20616 0.20616 0.26517 0.26517 0.26517 0.26517 0.11859 0.11859 0.11859 0.11859 0.26517 0.26517 0.26517 0.26517 0.1741 0.1741 0.1741 0.1741 0.26517 0.26517 0.26517 0.26517 0.38931 0.38931 0.38931 0.38931 0.37791 0.37791 0.37791 0.37791 0.37291 0.37291 0.37291 0.37291 0.30208 0.30208 0.30208 0.30208 0.23585 0.23585 0.23585 0.23585 0.1118 0.1118 0.1118
0.48894 0.48894 0.5318 0.5318 0.5318 0.5318 0.59634 0.59634 0.59634 0.59634 0.56679 0.56679 0.56679 0.56679 0.3182 0.3182 0.3182 0.3182 0.125 0.125 0.125 0.125 0.2628 0.2628 0.2628 0.2628 0.17678 0.17678 0.17678 0.17678 0.26517 0.26517 0.26517 0.26517 0.34004 0.34004 0.34004 0.34004 0.32882 0.32882 0.32882 0.32882 0.48541 0.48541 0.48541 0.48541 0.39883 0.39883 0.39883 0.39883 0.19764 0.19764 0.19764 0.19764 0.2215 0.2215 0.2215 0.2215 0.08839 0.08839 0.08839 0.08839 0.13463 0.13463 0.13463 0.13463 0.21506 0.21506 0.21506
0.48894 0.48894 0.5318 0.5318 0.5318 0.5318 0.59634 0.59634 0.59634 0.59634 0.56679 0.56679 0.56679 0.56679 0.3182 0.3182 0.3182 0.3182 0.125 0.125 0.125 0.125 0.2628 0.2628 0.2628 0.2628 0.17678 0.17678 0.17678 0.17678 0.26517 0.26517 0.26517 0.26517 0.34004 0.34004 0.34004 0.34004 0.32882 0.32882 0.32882 0.32882 0.48541 0.48541 0.48541 0.48541 0.39883 0.39883 0.39883 0.39883 0.19764 0.19764 0.19764 0.19764 0.2215 0.2215 0.2215 0.2215 0.08839 0.08839 0.08839 0.08839 0.13463 0.13463 0.13463 0.13463 0.21506 0.21506 0.21506
0.48894 0.48894 0.5318 0.5318 0.5318 0.5318 0.59634 0.59634 0.59634 0.59634 0.56679 0.56679 0.56679 0.56679 0.3182 0.3182 0.3182 0.3182 0.125 0.125 0.125 0.125 0.2628 0.2628 0.2628 0.2628 0.17678 0.17678 0.17678 0.17678 0.26517 0.26517 0.26517 0.26517 0.34004 0.34004 0.34004 0.34004 0.32882 0.32882 0.32882 0.32882 0.48541 0.48541 0.48541 0.48541 0.39883 0.39883 0.39883 0.39883 0.19764 0.19764 0.19764 0.19764 0.2215 0.2215 0.2215 0.2215 0.08839 0.08839 0.08839 0.08839 0.13463 0.13463 0.13463 0.13463 0.21506 0.21506 0.21506
0.48894 0.48894 0.5318 0.5318 0.5318 0.5318 0.59634 0.59634 0.59634 0.59634 0.56679 0.56679 0.56679 0.56679 0.3182 0.3182 0.3182 0.3182 0.125 0.125 0.125 0.125 0.2628 0.2628 0.2628 0.2628 0.17678 0.17678 0.17678 0.17678 0.26517 0.26517 0.26517 0.26517 0.34004 0.34004 0.34004 0.34004 0.32882 0.32882 0.32882 0.32882 0.48541 0.48541 0.48541 0.48541 0.39883 0.39883 0.39883 0.39883 0.19764 0.19764 0.19764 0.19764 0.2215 0.2215 0.2215 0.2215 0.08839 0.08839 0.08839 0.08839 0.13463 0.13463 0.13463 0.13463 0.21506 0.21506 0.21506
0.29155 0.29155 0.10308 0.10308 0.10308 0.10308 0.30104 0.30104 0.30104 0.30104 0.63738 0.63738 0.63738 0.63738 0.60208 0.60208 0.60208 0.60208 0.24044 0.24044 0.24044 0.24044 0.28339 0.28339 0.28339 0.28339 0.37832 0.37832 0.37832 0.37832 0.55818 0.55818 0.55818 0.55818 0.47434 0.47434 0.47434 0.47434 0.4 0.4 0.4 0.4 0.44756 0.44756 0.44756 0.44756 0.30052 0.30052 0.30052 0.30052 0.19121 0.19121 0.19121 0.19121 0.11859 0.11859 0.11859 0.11859 0.07289 0.07289 0.07289 0.07289 0.01768 0.01768 0.01768 0.01768 0.11319 0.11319 0.11319
0.29155 0.29155 0.10308 0.10308 0.10308 0.10308 0.30104 0.30104 0.30104 0.30104 0.63738 0.63738 0.63738 0.63738 0.60208 0.60208 0.60208 0.60208 0.24044 0.24044 0.24044 0.24044 0.28339 0.28339 0.28339 0.28339 0.37832 0.37832 0.37832 0.37832 0.55818 0.55818 0.55818 0.55818 0.47434 0.47434 0.47434 0.47434 0.4 0.4 0.4 0.4 0.44756 0.44756 0.44756 0.44756 0.30052 0.30052 0.30052 0.30052 0.19121 0.19121 0.19121 0.19121 0.11859 0.11859 0.11859 0.11859 0.07289 0.07289 0.07289 0.07289 0.01768 0.01768 0.01768 0.01768 0.11319 0.11319 0.11319
0.29155 0.29155 0.10308 0.10308 0.10308 0.10308 0.30104 0.30104 0.30104 0.30104 0.63738 0.63738 0.63738 0.63738 0.60208 0.60208 0.60208 0.60208 0.24044 0.24044 0.24044 0.24044 0.28339 0.28339 0.28339 0.28339 0.37832 0.37832 0.37832 0.37832 0.55818 0.55818 0.55818 0.55818 0.47434 0.47434 0.47434 0.47434 0.4 0.4 0.4 0.4 0.44756 0.44756 0.44756 0.44756 0.30052 0.30052 0.30052 0.30052 0.19121 0.19121 0.19121 0.19121 0.11859 0.11859 0.11859 0.11859 0.07289 0.07289 0.07289 0.07289 0.01768 0.01768 0.01768 0.01768 0.11319 0.11319 0.11319
0.29155 0.29155 0.10308 0.10308 0.10308 0.10308 0.30104 0.30104 0.30104 0.30104 0.63738 0.63738 0.63738 0.63738 0.60208 0.60208 0.60208 0.60208 0.24044 0.24044 0.24044 0.24044 0.28339 0.28339 0.28339 0.28339 0.37832 0.37832 0.37832 0.37832 0.55818 0.55818 0.55818 0.55818 0.47434 0.47434 0.47434 0.47434 0.4 0.4 0.4 0.4 0.44756 0.44756 0.44756 0.44756 0.30052 0.30052 0.30052 0.30052 0.19121 0.19121 0.19121 0.19121 0.11859 0.11859 0.11859 0.11859 0.07289 0.07289 0.07289 0.07289 0.01768 0.01768 0.01768 0.01768 0.11319 0.11319 0.11319
0.49308 0.49308 0.47566 0.47566 0.47566 0.47566 0.37291 0.37291 0.37291 0.37291 0.24044 0.24044 0.24044 0.24044 0.45621 0.45621 0.45621 0.45621 0.45069 0.45069 0.45069 0.45069 0.20156 0.20156 0.20156 0.20156 0.50652 0.50652 0.50652 0.50652 0.68237 0.68237 0.68237 0.68237 0.46267 0.46267 0.46267 0.46267 0.2628 0.2628 0.2628 0.2628 0.20691 0.20691 0.20691 0.20691 0.1591 0.1591 0.1591 0.1591 0.20156 0.20156 0.20156 0.20156 0.13807 0.13807 0.13807 0.13807 0.10308 0.10308 0.10308 0.10308 0.0559 0.0559 0.0559 0.0559 0.06374 0.06374 0.06374
0.49308 0.49308 0.47566 0.47566 0.47566 0.47566 0.37291 0.37291 0.37291 0.37291 0.24044 0.24044 0.24044 0.24044 0.45621 0.45621 0.45621 0.45621 0.45069 0.45069 0.45069 0.45069 0.20156 0.20156 0.20156 0.20156 0.50652 0.50652 0.50652 0.50652 0.68237 0.68237 0.68237 0.68237 0.46267 0.46267 0.46267 0.46267 0.2628 0.2628 0.2628 0.2628 0.20691 0.20691 0.20691 0.20691 0.1591 0.1591 0.1591 0.1591 0.20156 0.20156 0.20156 0.20156 0.13807 0.13807 0.13807 0.13807 0.10308 0.10308 0.10308 0.10308 0.0559 0.0559 0.0559 0.0559 0.06374 0.06374 0.06374
0.49308 0.49308 0.47566 0.47566 0.47566 0.47566 0.37291 0.37291 0.37291 0.37291 0.24044 0.24044 0.24044 0.24044 0.45621 0.45621 0.45621 0.45621 0.45069 0.45069 0.45069 0.45069 0.20156 0.20156 0.20156 0.20156 0.50652 0.50652 0.50652 0.50652 0.68237 0.68237 0.68237 0.68237 0.46267 0.46267 0.46267 0.46267 0.2628 0.2628 0.2628 0.2628 0.20691 0.20691 0.20691 0.20691 0.1591 0.1591 0.1591 0.1591 0.20156 0.20156 0.20156 0.20156 0.13807 0.13807 0.13807 0.13807 0.10308 0.10308 0.10308 0.10308 0.0559 0.0559 0.0559 0.0559 0.06374 0.06374 0.06374
