EU_data/Madrid/madrid_slope.asc
ncols         400
nrows         400
xllcorner     3111250
yllcorner     1981250
cellsize      250
NODATA_value  -9999
[rows 120 to 149 of 400, columns 276 to 344 of 400]
0.45069 0.45069 0.62275 0.62275 0.62275 0.62275 0.41908 0.41908 0.41908 0.41908 0.16298 0.16298 0.16298 0.16298 0.1118 0.1118 0.1118 0.1118 0.30923 0.30923 0.30923 0.30923 0.39726 0.39726 0.39726 0.39726 0.14577 0.14577 0.14577 0.14577 0 0 0 0 0.07906 0.07906 0.07906 0.07906 0.23783 0.23783 0.23783 0.23783 0.075 0.075 0.075 0.075 0.07906 0.07906 0.07906 0.07906 0.24559 0.24559 0.24559 0.24559 0.24044 0.24044 0.24044 0.24044 0.325 0.325 0.325 0.325 0.15207 0.15207 0.15207 0.15207 0.03953 0.03953 0.03953
0.45069 0.45069 0.62275 0.62275 0.62275 0.62275 0.41908 0.41908 0.41908 0.41908 0.16298 0.16298 0.16298 0.16298 0.1118 0.1118 0.1118 0.1118 0.30923 0.30923 0.30923 0.30923 0.39726 0.39726 0.39726 0.39726 0.14577 0.14577 0.14577 0.14577 0 0 0 0 0.07906 0.07906 0.07906 0.07906 0.23783 0.23783 0.23783 0.23783 0.075 0.075 0.075 0.075 0.07906 0.07906 0.07906 0.07906 0.24559 0.24559 0.24559 0.24559 0.24044 0.24044 0.24044 0.24044 0.325 0.325 0.325 0.325 0.15207 0.15207 0.15207 0.15207 0.03953 0.03953 0.03953
0.45069 0.45069 0.62275 0.62275 0.62275 0.62275 0.41908 0.41908 0.41908 0.41908 0.16298 0.16298 0.16298 0.16298 0.1118 0.1118 0.1118 0.1118 0.30923 0.30923 0.30923 0.30923 0.39726 0.39726 0.39726 0.39726 0.14577 0.14577 0.14577 0.14577 0 0 0 0 0.07906 0.07906 0.07906 0.07906 0.23783 0.23783 0.23783 0.23783 0.075 0.075 0.075 0.075 0.07906 0.07906 0.07906 0.07906 0.24559 0.24559 0.24559 0.24559 0.24044 0.24044 0.24044 0.24044 0.325 0.325 0.325 0.325 0.15207 0.15207 0.15207 0.15207 0.03953 0.03953 0.03953
0.03536 0.03536 0.34866 0.34866 0.34866 0.34866 0.24812 0.24812 0.24812 0.24812 0.19764 0.19764 0.19764 0.19764 0.23251 0.23251 0.23251 0.23251 0.41382 0.41382 0.41382 0.41382 0.21287 0.21287 0.21287 0.21287 0.12374 0.12374 0.12374 0.12374 0.05 0.05 0.05 0.05 0.07906 0.07906 0.07906 0.07906 0.21287 0.21287 0.21287 0.21287 0.11859 0.11859 0.11859 0.11859 0.125 0.125 0.125 0.125 0.11859 0.11859 0.11859 0.11859 0.182 0.182 0.182 0.182 0.37291 0.37291 0.37291 0.37291 0.15811 0.15811 0.15811 0.15811 0.03536 0.03536 0.03536
0.03536 0.03536 0.34866 0.34866 0.34866 0.34866 0.24812 0.24812 0.24812 0.24812 0.19764 0.19764 0.19764 0.19764 0.23251 0.23251 0.23251 0.23251 0.41382 0.41382 0.41382 0.41382 0.21287 0.21287 0.21287 0.21287 0.12374 0.12374 0.12374 0.12374 0.05 0.05 0.05 0.05 0.07906 0.07906 0.07906 0.07906 0.21287 0.21287 0.21287 0.21287 0.11859 0.11859 0.11859 0.11859 0.125 0.125 0.125 0.125 0.11859 0.11859 0.11859 0.11859 0.182 0.182 0.182 0.182 0.37291 0.37291 0.37291 0.37291 0.15811 0.15811 0.15811 0.15811 0.03536 0.03536 0.03536
0.03536 0.03536 0.34866 0.34866 0.34866 0.34866 0.24812 0.24812 0.24812 0.24812 0.19764 0.19764 0.19764 0.19764 0.23251 0.23251 0.23251 0.23251 0.41382 0.41382 0.41382 0.41382 0.21287 0.21287 0.21287 0.21287 0.12374 0.12374 0.12374 0.12374 0.05 0.05 0.05 0.05 0.07906 0.07906 0.07906 0.07906 0.21287 0.21287 0.21287 0.21287 0.11859 0.11859 0.11859 0.11859 0.125 0.125 0.125 0.125 0.11859 0.11859 0.11859 0.11859 0.182 0.182 0.182 0.182 0.37291 0.37291 0.37291 0.37291 0.15811 0.15811 0.15811 0.15811 0.03536 0.03536 0.03536
0.03536 0.03536 0.34866 0.34866 0.34866 0.34866 0.24812 0.24812 0.24812 0.24812 0.19764 0.19764 0.19764 0.19764 0.23251 0.23251 0.23251 0.23251 0.41382 0.41382 0.41382 0.41382 0.21287 0.21287 0.21287 0.21287 0.12374 0.12374 0.12374 0.12374 0.05 0.05 0.05 0.05 0.07906 0.07906 0.07906 0.07906 0.21287 0.21287 0.21287 0.21287 0.11859 0.11859 0.11859 0.11859 0.125 0.125 0.125 0.125 0.11859 0.11859 0.11859 0.11859 0.182 0.182 0.182 0.182 0.37291 0.37291 0.37291 0.37291 0.15811 0.15811 0.15811 0.15811 0.03536 0.03536 0.03536
0.125 0.125 0.26575 0.26575 0.26575 0.26575 0.30516 0.30516 0.30516 0.30516 0.16008 0.16008 0.16008 0.16008 0.33634 0.33634 0.33634 0.33634 0.24812 0.24812 0.24812 0.24812 0.06374 0.06374 0.06374 0.06374 0.11859 0.11859 0.11859 0.11859 0.03536 0.03536 0.03536 0.03536 0.07906 0.07906 0.07906 0.07906 0.21578 0.21578 0.21578 0.21578 0.32596 0.32596 0.32596 0.32596 0.21287 0.21287 0.21287 0.21287 0.07906 0.07906 0.07906 0.07906 0.38079 0.38079 0.38079 0.38079 0.35751 0.35751 0.35751 0.35751 0.125 0.125 0.125 0.125 0.01768 0.01768 0.01768
0.125 0.125 0.26575 0.26575 0.26575 0.26575 0.30516 0.30516 0.30516 0.30516 0.16008 0.16008 0.16008 0.16008 0.33634 0.33634 0.33634 0.33634 0.24812 0.24812 0.24812 0.24812 0.06374 0.06374 0.06374 0.06374 0.11859 0.11859 0.11859 0.11859 0.03536 0.03536 0.03536 0.03536 0.07906 0.07906 0.07906 0.07906 0.21578 0.21578 0.21578 0.21578 0.32596 0.32596 0.32596 0.32596 0.21287 0.21287 0.21287 0.21287 0.07906 0.07906 0.07906 0.07906 0.38079 0.38079 0.38079 0.38079 0.35751 0.35751 0.35751 0.35751 0.125 0.125 0.125 0.125 0.01768 0.01768 0.01768
0.125 0.125 0.26575 0.26575 0.26575 0.26575 0.30516 0.30516 0.30516 0.30516 0.16008 0.16008 0.16008 0.16008 0.33634 0.33634 0.33634 0.33634 0.24812 0.24812 0.24812 0.24812 0.06374 0.06374 0.06374 0.06374 0.11859 0.11859 0.11859 0.11859 0.03536 0.03536 0.03536 0.03536 0.07906 0.07906 0.07906 0.07906 0.21578 0.21578 0.21578 0.21578 0.32596 0.32596 0.32596 0.32596 0.21287 0.21287 0.21287 0.21287 0.07906 0.07906 0.07906 0.07906 0.38079 0.38079 0.38079 0.38079 0.35751 0.35751 0.35751 0.35751 0.125 0.125 0.125 0.125 0.01768 0.01768 0.01768
0.125 0.125 0.26575 0.26575 0.26575 0.26575 0.30516 0.30516 0.30516 0.30516 0.16008 0.16008 0.16008 0.16008 0.33634 0.33634 0.33634 0.33634 0.24812 0.24812 0.24812 0.24812 0.06374 0.06374 0.06374 0.06374 0.11859 0.11859 0.11859 0.11859 0.03536 0.03536 0.03536 0.03536 0.07906 0.07906 0.07906 0.07906 0.21578 0.21578 0.21578 0.21578 0.32596 0.32596 0.32596 0.32596 0.21287 0.21287 0.21287 0.21287 0.07906 0.07906 0.07906 0.07906 0.38079 0.38079 0.38079 0.38079 0.35751 0.35751 0.35751 0.35751 0.125 0.125 0.125 0.125 0.01768 0.01768 0.01768
0.03953 0.03953 0.11319 0.11319 0.11319 0.11319 0.31474 0.31474 0.31474 0.31474 0.125 0.125 0.125 0.125 0.33025 0.33025 0.33025 0.33025 0.075 0.075 0.075 0.075 0.12374 0.12374 0.12374 0.12374 0.125 0.125 0.125 0.125 0.01768 0.01768 0.01768 0.01768 0.06374 0.06374 0.06374 0.06374 0.16771 0.16771 0.16771 0.16771 0.4272 0.4272 0.4272 0.4272 0.075 0.075 0.075 0.075 0.10753 0.10753 0.10753 0.10753 0.47434 0.47434 0.47434 0.47434 0.14252 0.14252 0.14252 0.14252 0.0559 0.0559 0.0559 0.0559 0.03536 0.03536 0.03536
0.03953 0.03953 0.11319 0.11319 0.11319 0.11319 0.31474 0.31474 0.31474 0.31474 0.125 0.125 0.125 0.125 0.33025 0.33025 0.33025 0.33025 0.075 0.075 0.075 0.075 0.12374 0.12374 0.12374 0.12374 0.125 0.125 0.125 0.125 0.01768 0.01768 0.01768 0.01768 0.06374 0.06374 0.06374 0.06374 0.16771 0.16771 0.16771 0.16771 0.4272 0.4272 0.4272 0.4272 0.075 0.075 0.075 0.075 0.10753 0.10753 0.10753 0.10753 0.47434 0.47434 0.47434 0.47434 0.14252 0.14252 0.14252 0.14252 0.0559 0.0559 0.0559 0.0559 0.03536 0.03536 0.03536
0.03953 0.03953 0.11319 0.11319 0.11319 0.11319 0.31474 0.31474 0.31474 0.31474 0.125 0.125 0.125 0.125 0.33025 0.33025 0.33025 0.33025 0.075 0.075 0.075 0.075 0.12374 0.12374 0.12374 0.12374 0.125 0.125 0.125 0.125 0.01768 0.01768 0.01768 0.01768 0.06374 0.06374 0.06374 0.06374 0.16771 0.16771 0.16771 0.16771 0.4272 0.4272 0.4272 0.4272 0.075 0.075 0.075 0.075 0.10753 0.10753 0.10753 0.10753 0.47434 0.47434 0.47434 0.47434 0.14252 0.14252 0.14252 0.14252 0.0559 0.0559 0.0559 0.0559 0.03536 0.03536 0.03536
0.03953 0.03953 0.11319 0.11319 0.11319 0.11319 0.31474 0.31474 0.31474 0.31474 0.125 0.125 0.125 0.125 0.33025 0.33025 0.33025 0.33025 0.075 0.075 0.075 0.075 0.12374 0.12374 0.12374 0.12374 0.125 0.125 0.125 0.125 0.01768 0.01768 0.01768 0.01768 0.06374 0.06374 0.06374 0.06374 0.16771 0.16771 0.16771 0.16771 0.4272 0.4272 0.4272 0.4272 0.075 0.075 0.075 0.075 0.10753 0.10753 0.10753 0.10753 0.47434 0.47434 0.47434 0.47434 0.14252 0.14252 0.14252 0.14252 0.0559 0.0559 0.0559 0.0559 0.03536 0.03536 0.03536
0.07071 0.07071 0.18028 0.18028 0.18028 0.18028 0.26926 0.26926 0.26926 0.26926 0.2136 0.2136 0.2136 0.2136 0.23251 0.23251 0.23251 0.23251 0.09014 0.09014 0.09014 0.09014 0.16771 0.16771 0.16771 0.16771 0.03953 0.03953 0.03953 0.03953 0.05 0.05 0.05 0.05 0.05 0.05 0.05 0.05 0.08839 0.08839 0.08839 0.08839 0.32882 0.32882 0.32882 0.32882 0.15811 0.15811 0.15811 0.15811 0.2628 0.2628 0.2628 0.2628 0.37165 0.37165 0.37165 0.37165 0.03536 0.03536 0.03536 0.03536 0.0559 0.0559 0.0559 0.0559 0.03953 0.03953 0.03953
0.07071 0.07071 0.18028 0.18028 0.18028 0.18028 0.26926 0.26926 0.26926 0.26926 0.2136 0.2136 0.2136 0.2136 0.23251 0.23251 0.23251 0.23251 0.09014 0.09014 0.09014 0.09014 0.16771 0.16771 0.16771 0.16771 0.03953 0.03953 0.03953 0.03953 0.05 0.05 0.05 0.05 0.05 0.05 0.05 0.05 0.08839 0.08839 0.08839 0.08839 0.32882 0.32882 0.32882 0.32882 0.15811 0.15811 0.15811 0.15811 0.2628 0.2628 0.2628 0.2628 0.37165 0.37165 0.37165 0.37165 0.03536 0.03536 0.03536 0.03536 0.0559 0.0559 0.0559 0.0559 0.03953 0.03953 0.03953
0.07071 0.07071 0.18028 0.18028 0.18028 0.18028 0.26926 0.26926 0.26926 0.26926 0.2136 0.2136 0.2136 0.2136 0.23251 0.23251 0.23251 0.23251 0.09014 0.09014 0.09014 0.09014 0.16771 0.16771 0.16771 0.16771 0.03953 0.03953 0.03953 0.03953 0.05 0.05 0.05 0.05 0.05 0.05 0.05 0.05 0.08839 0.08839 0.08839 0.08839 0.32882 0.32882 0.32882 0.32882 0.15811 0.15811 0.15811 0.15811 0.2628 0.2628 0.2628 0.2628 0.37165 0.37165 0.37165 0.37165 0.03536 0.03536 0.03536 0.03536 0.0559 0.0559 0.0559 0.0559 0.03953 0.03953 0.03953
0.07071 0.07071 0.18028 0.18028 0.18028 0.18028 0.26926 0.26926 0.26926 0.26926 0.2136 0.2136 0.2136 0.2136 0.23251 0.23251 0.23251 0.23251 0.09014 0.09014 0.09014 0.09014 0.16771 0.16771 0.16771 0.16771 0.03953 0.03953 0.03953 0.03953 0.05 0.05 0.05 0.05 0.05 0.05 0.05 0.05 0.08839 0.08839 0.08839 0.08839 0.32882 0.32882 0.32882 0.32882 0.15811 0.15811 0.15811 0.15811 0.2628 0.2628 0.2628 0.2628 0.37165 0.37165 0.37165 0.37165 0.03536 0.03536 0.03536 0.03536 0.0559 0.0559 0.0559 0.0559 0.03953 0.03953 0.03953
0.07071 0.07071 0.17678 0.17678 0.17678 0.17678 0.15811 0.15811 0.15811 0.15811 0.3877 0.3877 0.3877 0.3877 0.1287 0.1287 0.1287 0.1287 0.07906 0.07906 0.07906 0.07906 0.15 0.15 0.15 0.15 0.05 0.05 0.05 0.05 0.05 0.05 0.05 0.05 0.0952 0.0952 0.0952 0.0952 0.26575 0.26575 0.26575 0.26575 0.21287 0.21287 0.21287 0.21287 0.2767 0.2767 0.2767 0.2767 0.39726 0.39726 0.39726 0.39726 0.15104 0.15104 0.15104 0.15104 0.0559 0.0559 0.0559 0.0559 0.03953 0.03953 0.03953 0.03953 0.0952 0.0952 0.0952
0.07071 0.07071 0.17678 0.17678 0.17678 0.17678 0.15811 0.15811 0.15811 0.15811 0.3877 0.3877 0.3877 0.3877 0.1287 0.1287 0.1287 0.1287 0.07906 0.07906 0.07906 0.07906 0.15 0.15 0.15 0.15 0.05 0.05 0.05 0.05 0.05 0.05 0.05 0.05 0.0952 0.0952 0.0952 0.0952 0.26575 0.26575 0.26575 0.26575 0.21287 0.21287 0.21287 0.21287 0.2767 0.2767 0.2767 0.2767 0.39726 0.39726 0.39726 0.39726 0.15104 0.15104 0.15104 0.15104 0.0559 0.0559 0.0559 0.0559 0.03953 0.03953 0.03953 0.03953 0.0952 0.0952 0.0952
0.07071 0.07071 0.17678 0.17678 0.17678 0.17678 0.15811 0.15811 0.15811 0.15811 0.3877 0.3877 0.3877 0.3877 0.1287 0.1287 0.1287 0.1287 0.07906 0.07906 0.07906 0.07906 0.15 0.15 0.15 0.15 0.05 0.05 0.05 0.05 0.05 0.05 0.05 0.05 0.0952 0.0952 0.0952 0.0952 0.26575 0.26575 0.26575 0.26575 0.21287 0.21287 0.21287 0.21287 0.2767 0.2767 0.2767 0.2767 0.39726 0.39726 0.39726 0.39726 0.15104 0.15104 0.15104 0.15104 0.0559 0.0559 0.0559 0.0559 0.03953 0.03953 0.03953 0.03953 0.0952 0.0952 0.0952
0.07071 0.07071 0.17678 0.17678 0.17678 0.17678 0.15811 0.15811 0.15811 0.15811 0.3877 0.3877 0.3877 0.3877 0.1287 0.1287 0.1287 0.1287 0.07906 0.07906 0.07906 0.07906 0.15 0.15 0.15 0.15 0.05 0.05 0.05 0.05 0.05 0.05 0.05 0.05 0.0952 0.0952 0.0952 0.0952 0.26575 0.26575 0.26575 0.26575 0.21287 0.21287 0.21287 0.21287 0.2767 0.2767 0.2767 0.2767 0.39726 0.39726 0.39726 0.39726 0.15104 0.15104 0.15104 0.15104 0.0559 0.0559 0.0559 0.0559 0.03953 0.03953 0.03953 0.03953 0.0952 0.0952 0.0952
0.025 0.025 0.12374 0.12374 0.12374 0.12374 0.22638 0.22638 0.22638 0.22638 0.41269 0.41269 0.41269 0.41269 0.12374 0.12374 0.12374 0.12374 0.1 0.1 0.1 0.1 0.15 0.15 0.15 0.15 0.05 0.05 0.05 0.05 0.05 0.05 0.05 0.05 0.16677 0.16677 0.16677 0.16677 0.30923 0.30923 0.30923 0.30923 0.0952 0.0952 0.0952 0.0952 0.38079 0.38079 0.38079 0.38079 0.38079 0.38079 0.38079 0.38079 0.07071 0.07071 0.07071 0.07071 0.05 0.05 0.05 0.05 0 0 0 0 0.1 0.1 0.1
0.025 0.025 0.12374 0.12374 0.12374 0.12374 0.22638 0.22638 0.22638 0.22638 0.41269 0.41269 0.41269 0.41269 0.12374 0.12374 0.12374 0.12374 0.1 0.1 0.1 0.1 0.15 0.15 0.15 0.15 0.05 0.05 0.05 0.05 0.05 0.05 0.05 0.05 0.16677 0.16677 0.16677 0.16677 0.30923 0.30923 0.30923 0.30923 0.0952 0.0952 0.0952 0.0952 0.38079 0.38079 0.38079 0.38079 0.38079 0.38079 0.38079 0.38079 0.07071 0.07071 0.07071 0.07071 0.05 0.05 0.05 0.05 0 0 0 0 0.1 0.1 0.1
0.025 0.025 0.12374 0.12374 0.12374 0.12374 0.22638 0.22638 0.22638 0.22638 0.41269 0.41269 0.41269 0.41269 0.12374 0.12374 0.12374 0.12374 0.1 0.1 0.1 0.1 0.15 0.15 0.15 0.15 0.05 0.05 0.05 0.05 0.05 0.05 0.05 0.05 0.16677 0.16677 0.16677 0.16677 0.30923 0.30923 0.30923 0.30923 0.0952 0.0952 0.0952 0.0952 0.38079 0.38079 0.38079 0.38079 0.38079 0.38079 0.38079 0.38079 0.07071 0.07071 0.07071 0.07071 0.05 0.05 0.05 0.05 0 0 0 0 0.1 0.1 0.1
0.025 0.025 0.12374 0.12374 0.12374 0.12374 0.22638 0.22638 0.22638 0.22638 0.41269 0.41269 0.41269 0.41269 0.12374 0.12374 0.12374 0.12374 0.1 0.1 0.1 0.1 0.15 0.15 0.15 0.15 0.05 0.05 0.05 0.05 0.05 0.05 0.05 0.05 0.16677 0.16677 0.16677 0.16677 0.30923 0.30923 0.30923 0.30923 0.0952 0.0952 0.0952 0.0952 0.38079 0.38079 0.38079 0.38079 0.38079 0.38079 0.38079 0.38079 0.07071 0.07071 0.07071 0.07071 0.05 0.05 0.05 0.05 0 0 0 0 0.1 0.1 0.1
0.125 0.125 0.13807 0.13807 0.13807 0.13807 0.20691 0.20691 0.20691 0.20691 0.25 0.25 0.25 0.25 0.21578 0.21578 0.21578 0.21578 0.1 0.1 0.1 0.1 0.15 0.15 0.15 0.15 0.05 0.05 0.05 0.05 0.05 0.05 0.05 0.05 0.21287 0.21287 0.21287 0.21287 0.34324 0.34324 0.34324 0.34324 0.16298 0.16298 0.16298 0.16298 0.32452 0.32452 0.32452 0.32452 0.26517 0.26517 0.26517 0.26517 0.0559 0.0559 0.0559 0.0559 0.03953 0.03953 0.03953 0.03953 0.01768 0.01768 0.01768 0.01768 0.10308 0.10308 0.10308
0.125 0.125 0.13807 0.13807 0.13807 0.13807 0.20691 0.20691 0.20691 0.20691 0.25 0.25 0.25 0.25 0.21578 0.21578 0.21578 0.21578 0.1 0.1 0.1 0.1 0.15 0.15 0.15 0.15 0.05 0.05 0.05 0.05 0.05 0.05 0.05 0.05 0.21287 0.21287 0.21287 0.21287 0.34324 0.34324 0.34324 0.34324 0.16298 0.16298 0.16298 0.16298 0.32452 0.32452 0.32452 0.32452 0.26517 0.26517 0.26517 0.26517 0.0559 0.0559 0.0559 0.0559 0.03953 0.03953 0.03953 0.03953 0.01768 0.01768 0.01768 0.01768 0.10308 0.10308 0.10308
0.125 0.125 0.13807 0.13807 0.13807 0.13807 0.20691 0.20691 0.20691 0.20691 0.25 0.25 0.25 0.25 0.21578 0.21578 0.21578 0.21578 0.1 0.1 0.1 0.1 0.15 0.15 0.15 0.15 0.05 0.05 0.05 0.05 0.05 0.05 0.05 0.05 0.21287 0.21287 0.21287 0.21287 0.34324 0.34324 0.34324 0.34324 0.16298 0.16298 0.16298 0.16298 0.32452 0.32452 0.32452 0.32452 0.26517 0.26517 0.26517 0.26517 0.0559 0.0559 0.0559 0.0559 0.03953 0.03953 0.03953 0.03953 0.01768 0.01768 0.01768 0.01768 0.10308 0.10308 0.10308
