EU_data/Madrid/madrid_slope.asc
ncols         400
nrows         400
xllcorner     3111250
yllcorner     1981250
cellsize      250
NODATA_value  -9999
[rows 240 to 269 of 400, columns 207 to 275 of 400]
0.17678 0.17678 0.17678 0.23585 0.23585 0.23585 0.23585 0.20691 0.20691 0.20691 0.20691 0.16677 0.16677 0.16677 0.16677 0.09014 0.09014 0.09014 0.09014 0.08839 0.08839 0.08839 0.08839 0.23783 0.23783 0.23783 0.23783 0.11859 0.11859 0.11859 0.11859 0.11859 0.11859 0.11859 0.11859 0.21287 0.21287 0.21287 0.21287 0.15 0.15 0.15 0.15 0.075 0.075 0.075 0.075 0.13807 0.13807 0.13807 0.13807 0.28994 0.28994 0.28994 0.28994 0.19121 0.19121 0.19121 0.19121 0.12748 0.12748 0.12748 0.12748 0.03953 0.03953 0.03953 0.03953 0.075 0.075
0.17678 0.17678 0.17678 0.23585 0.23585 0.23585 0.23585 0.20691 0.20691 0.20691 0.20691 0.16677 0.16677 0.16677 0.16677 0.09014 0.09014 0.09014 0.09014 0.08839 0.08839 0.08839 0.08839 0.23783 0.23783 0.23783 0.23783 0.11859 0.11859 0.11859 0.11859 0.11859 0.11859 0.11859 0.11859 0.21287 0.21287 0.21287 0.21287 0.15 0.15 0.15 0.15 0.075 0.075 0.075 0.075 0.13807 0.13807 0.13807 0.13807 0.28994 0.28994 0.28994 0.28994 0.19121 0.19121 0.19121 0.19121 0.12748 0.12748 0.12748 0.12748 0.03953 0.03953 0.03953 0.03953 0.075 0.075
0.17678 0.17678 0.17678 0.23585 0.23585 0.23585 0.23585 0.20691 0.20691 0.20691 0.20691 0.16677 0.16677 0.16677 0.16677 0.09014 0.09014 0.09014 0.09014 0.08839 0.08839 0.08839 0.08839 0.23783 0.23783 0.23783 0.23783 0.11859 0.11859 0.11859 0.11859 0.11859 0.11859 0.11859 0.11859 0.21287 0.21287 0.21287 0.21287 0.15 0.15 0.15 0.15 0.075 0.075 0.075 0.075 0.13807 0.13807 0.13807 0.13807 0.28994 0.28994 0.28994 0.28994 0.19121 0.19121 0.19121 0.19121 0.12748 0.12748 0.12748 0.12748 0.03953 0.03953 0.03953 0.03953 0.075 0.075
0.08839 0.08839 0.08839 0.19039 0.19039 0.19039 0.19039 0.24622 0.24622 0.24622 0.24622 0.19526 0.19526 0.19526 0.19526 0.15104 0.15104 0.15104 0.15104 0.125 0.125 0.125 0.125 0.225 0.225 0.225 0.225 0.11859 0.11859 0.11859 0.11859 0.18456 0.18456 0.18456 0.18456 0.27443 0.27443 0.27443 0.27443 0.1591 0.1591 0.1591 0.1591 0.10753 0.10753 0.10753 0.10753 0.10753 0.10753 0.10753 0.10753 0.22638 0.22638 0.22638 0.22638 0.20691 0.20691 0.20691 0.20691 0.16298 0.16298 0.16298 0.16298 0.05 0.05 0.05 0.05 0.01768 0.01768
0.08839 0.08839 0.08839 0.19039 0.19039 0.19039 0.19039 0.24622 0.24622 0.24622 0.24622 0.19526 0.19526 0.19526 0.19526 0.15104 0.15104 0.15104 0.15104 0.125 0.125 0.125 0.125 0.225 0.225 0.225 0.225 0.11859 0.11859 0.11859 0.11859 0.18456 0.18456 0.18456 0.18456 0.27443 0.27443 0.27443 0.27443 0.1591 0.1591 0.1591 0.1591 0.10753 0.10753 0.10753 0.10753 0.10753 0.10753 0.10753 0.10753 0.22638 0.22638 0.22638 0.22638 0.20691 0.20691 0.20691 0.20691 0.16298 0.16298 0.16298 0.16298 0.05 0.05 0.05 0.05 0.01768 0.01768
0.08839 0.08839 0.08839 0.19039 0.19039 0.19039 0.19039 0.24622 0.24622 0.24622 0.24622 0.19526 0.19526 0.19526 0.19526 0.15104 0.15104 0.15104 0.15104 0.125 0.125 0.125 0.125 0.225 0.225 0.225 0.225 0.11859 0.11859 0.11859 0.11859 0.18456 0.18456 0.18456 0.18456 0.27443 0.27443 0.27443 0.27443 0.1591 0.1591 0.1591 0.1591 0.10753 0.10753 0.10753 0.10753 0.10753 0.10753 0.10753 0.10753 0.22638 0.22638 0.22638 0.22638 0.20691 0.20691 0.20691 0.20691 0.16298 0.16298 0.16298 0.16298 0.05 0.05 0.05 0.05 0.01768 0.01768
0.08839 0.08839 0.08839 0.19039 0.19039 0.19039 0.19039 0.24622 0.24622 0.24622 0.24622 0.19526 0.19526 0.19526 0.19526 0.15104 0.15104 0.15104 0.15104 0.125 0.125 0.125 0.125 0.225 0.225 0.225 0.225 0.11859 0.11859 0.11859 0.11859 0.18456 0.18456 0.18456 0.18456 0.27443 0.27443 0.27443 0.27443 0.1591 0.1591 0.1591 0.1591 0.10753 0.10753 0.10753 0.10753 0.10753 0.10753 0.10753 0.10753 0.22638 0.22638 0.22638 0.22638 0.20691 0.20691 0.20691 0.20691 0.16298 0.16298 0.16298 0.16298 0.05 0.05 0.05 0.05 0.01768 0.01768
0.13463 0.13463 0.13463 0.06374 0.06374 0.06374 0.06374 0.23049 0.23049 0.23049 0.23049 0.23049 0.23049 0.23049 0.23049 0.14252 0.14252 0.14252 0.14252 0.0952 0.0952 0.0952 0.0952 0.21287 0.21287 0.21287 0.21287 0.24622 0.24622 0.24622 0.24622 0.24812 0.24812 0.24812 0.24812 0.24044 0.24044 0.24044 0.24044 0.07071 0.07071 0.07071 0.07071 0.0559 0.0559 0.0559 0.0559 0.0559 0.0559 0.0559 0.0559 0.11859 0.11859 0.11859 0.11859 0.19526 0.19526 0.19526 0.19526 0.21506 0.21506 0.21506 0.21506 0.08839 0.08839 0.08839 0.08839 0.05303 0.05303
0.13463 0.13463 0.13463 0.06374 0.06374 0.06374 0.06374 0.23049 0.23049 0.23049 0.23049 0.23049 0.23049 0.23049 0.23049 0.14252 0.14252 0.14252 0.14252 0.0952 0.0952 0.0952 0.0952 0.21287 0.21287 0.21287 0.21287 0.24622 0.24622 0.24622 0.24622 0.24812 0.24812 0.24812 0.24812 0.24044 0.24044 0.24044 0.24044 0.07071 0.07071 0.07071 0.07071 0.0559 0.0559 0.0559 0.0559 0.0559 0.0559 0.0559 0.0559 0.11859 0.11859 0.11859 0.11859 0.19526 0.19526 0.19526 0.19526 0.21506 0.21506 0.21506 0.21506 0.08839 0.08839 0.08839 0.08839 0.05303 0.05303
0.13463 0.13463 0.13463 0.06374 0.06374 0.06374 0.06374 0.23049 0.23049 0.23049 0.23049 0.23049 0.23049 0.23049 0.23049 0.14252 0.14252 0.14252 0.14252 0.0952 0.0952 0.0952 0.0952 0.21287 0.21287 0.21287 0.21287 0.24622 0.24622 0.24622 0.24622 0.24812 0.24812 0.24812 0.24812 0.24044 0.24044 0.24044 0.24044 0.07071 0.07071 0.07071 0.07071 0.0559 0.0559 0.0559 0.0559 0.0559 0.0559 0.0559 0.0559 0.11859 0.11859 0.11859 0.11859 0.19526 0.19526 0.19526 0.19526 0.21506 0.21506 0.21506 0.21506 0.08839 0.08839 0.08839 0.08839 0.05303 0.05303
0.13463 0.13463 0.13463 0.06374 0.06374 0.06374 0.06374 0.23049 0.23049 0.23049 0.23049 0.23049 0.23049 0.23049 0.23049 0.14252 0.14252 0.14252 0.14252 0.0952 0.0952 0.0952 0.0952 0.21287 0.21287 0.21287 0.21287 0.24622 0.24622 0.24622 0.24622 0.24812 0.24812 0.24812 0.24812 0.24044 0.24044 0.24044 0.24044 0.07071 0.07071 0.07071 0.07071 0.0559 0.0559 0.0559 0.0559 0.0559 0.0559 0.0559 0.0559 0.11859 0.11859 0.11859 0.11859 0.19526 0.19526 0.19526 0.19526 0.21506 0.21506 0.21506 0.21506 0.08839 0.08839 0.08839 0.08839 0.05303 0.05303
0.16298 0.16298 0.16298 0.025 0.025 0.025 0.025 0.325 0.325 0.325 0.325 0.20156 0.20156 0.20156 0.20156 0.08839 0.08839 0.08839 0.08839 0.03536 0.03536 0.03536 0.03536 0.1 0.1 0.1 0.1 0.2136 0.2136 0.2136 0.2136 0.19039 0.19039 0.19039 0.19039 0.0952 0.0952 0.0952 0.0952 0.10308 0.10308 0.10308 0.10308 0.11859 0.11859 0.11859 0.11859 0.05303 0.05303 0.05303 0.05303 0.03953 0.03953 0.03953 0.03953 0.15811 0.15811 0.15811 0.15811 0.30259 0.30259 0.30259 0.30259 0.18456 0.18456 0.18456 0.18456 0.03953 0.03953
0.16298 0.16298 0.16298 0.025 0.025 0.025 0.025 0.325 0.325 0.325 0.325 0.20156 0.20156 0.20156 0.20156 0.08839 0.08839 0.08839 0.08839 0.03536 0.03536 0.03536 0.03536 0.1 0.1 0.1 0.1 0.2136 0.2136 0.2136 0.2136 0.19039 0.19039 0.19039 0.19039 0.0952 0.0952 0.0952 0.0952 0.10308 0.10308 0.10308 0.10308 0.11859 0.11859 0.11859 0.11859 0.05303 0.05303 0.05303 0.05303 0.03953 0.03953 0.03953 0.03953 0.15811 0.15811 0.15811 0.15811 0.30259 0.30259 0.30259 0.30259 0.18456 0.18456 0.18456 0.18456 0.03953 0.03953
0.16298 0.16298 0.16298 0.025 0.025 0.025 0.025 0.325 0.325 0.325 0.325 0.20156 0.20156 0.20156 0.20156 0.08839 0.08839 0.08839 0.08839 0.03536 0.03536 0.03536 0.03536 0.1 0.1 0.1 0.1 0.2136 0.2136 0.2136 0.2136 0.19039 0.19039 0.19039 0.19039 0.0952 0.0952 0.0952 0.0952 0.10308 0.10308 0.10308 0.10308 0.11859 0.11859 0.11859 0.11859 0.05303 0.05303 0.05303 0.05303 0.03953 0.03953 0.03953 0.03953 0.15811 0.15811 0.15811 0.15811 0.30259 0.30259 0.30259 0.30259 0.18456 0.18456 0.18456 0.18456 0.03953 0.03953
0.16298 0.16298 0.16298 0.025 0.025 0.025 0.025 0.325 0.325 0.325 0.325 0.20156 0.20156 0.20156 0.20156 0.08839 0.08839 0.08839 0.08839 0.03536 0.03536 0.03536 0.03536 0.1 0.1 0.1 0.1 0.2136 0.2136 0.2136 0.2136 0.19039 0.19039 0.19039 0.19039 0.0952 0.0952 0.0952 0.0952 0.10308 0.10308 0.10308 0.10308 0.11859 0.11859 0.11859 0.11859 0.05303 0.05303 0.05303 0.05303 0.03953 0.03953 0.03953 0.03953 0.15811 0.15811 0.15811 0.15811 0.30259 0.30259 0.30259 0.30259 0.18456 0.18456 0.18456 0.18456 0.03953 0.03953
0.175 0.175 0.175 0.01768 0.01768 0.01768 0.01768 0.2767 0.2767 0.2767 0.2767 0.26575 0.26575 0.26575 0.26575 0.20156 0.20156 0.20156 0.20156 0.16771 0.16771 0.16771 0.16771 0.13463 0.13463 0.13463 0.13463 0.10753 0.10753 0.10753 0.10753 0.06374 0.06374 0.06374 0.06374 0.06374 0.06374 0.06374 0.06374 0.1591 0.1591 0.1591 0.1591 0.1591 0.1591 0.1591 0.1591 0.11859 0.11859 0.11859 0.11859 0.025 0.025 0.025 0.025 0.025 0.025 0.025 0.025 0.2628 0.2628 0.2628 0.2628 0.22638 0.22638 0.22638 0.22638 0.025 0.025
0.175 0.175 0.175 0.01768 0.01768 0.01768 0.01768 0.2767 0.2767 0.2767 0.2767 0.26575 0.26575 0.26575 0.26575 0.20156 0.20156 0.20156 0.20156 0.16771 0.16771 0.16771 0.16771 0.13463 0.13463 0.13463 0.13463 0.10753 0.10753 0.10753 0.10753 0.06374 0.06374 0.06374 0.06374 0.06374 0.06374 0.06374 0.06374 0.1591 0.1591 0.1591 0.1591 0.1591 0.1591 0.1591 0.1591 0.11859 0.11859 0.11859 0.11859 0.025 0.025 0.025 0.025 0.025 0.025 0.025 0.025 0.2628 0.2628 0.2628 0.2628 0.22638 0.22638 0.22638 0.22638 0.025 0.025
0.175 0.175 0.175 0.01768 0.01768 0.01768 0.01768 0.2767 0.2767 0.2767 0.2767 0.26575 0.26575 0.26575 0.26575 0.20156 0.20156 0.20156 0.20156 0.16771 0.16771 0.16771 0.16771 0.13463 0.13463 0.13463 0.13463 0.10753 0.10753 0.10753 0.10753 0.06374 0.06374 0.06374 0.06374 0.06374 0.06374 0.06374 0.06374 0.1591 0.1591 0.1591 0.1591 0.1591 0.1591 0.1591 0.1591 0.11859 0.11859 0.11859 0.11859 0.025 0.025 0.025 0.025 0.025 0.025 0.025 0.025 0.2628 0.2628 0.2628 0.2628 0.22638 0.22638 0.22638 0.22638 0.025 0.025
0.175 0.175 0.175 0.01768 0.01768 0.01768 0.01768 0.2767 0.2767 0.2767 0.2767 0.26575 0.26575 0.26575 0.26575 0.20156 0.20156 0.20156 0.20156 0.16771 0.16771 0.16771 0.16771 0.13463 0.13463 0.13463 0.13463 0.10753 0.10753 0.10753 0.10753 0.06374 0.06374 0.06374 0.06374 0.06374 0.06374 0.06374 0.06374 0.1591 0.1591 0.1591 0.1591 0.1591 0.1591 0.1591 0.1591 0.11859 0.11859 0.11859 0.11859 0.025 0.025 0.025 0.025 0.025 0.025 0.025 0.025 0.2628 0.2628 0.2628 0.2628 0.22638 0.22638 0.22638 0.22638 0.025 0.025
0.16298 0.16298 0.16298 0 0 0 0 0.18792 0.18792 0.18792 0.18792 0.14252 0.14252 0.14252 0.14252 0.2136 0.2136 0.2136 0.2136 0.15207 0.15207 0.15207 0.15207 0.03953 0.03953 0.03953 0.03953 0.03536 0.03536 0.03536 0.03536 0.025 0.025 0.025 0.025 0.13807 0.13807 0.13807 0.13807 0.10753 0.10753 0.10753 0.10753 0.19526 0.19526 0.19526 0.19526 0.10753 0.10753 0.10753 0.10753 0.01768 0.01768 0.01768 0.01768 0.1118 0.1118 0.1118 0.1118 0.27042 0.27042 0.27042 0.27042 0.1741 0.1741 0.1741 0.1741 0.03953 0.03953
0.16298 0.16298 0.16298 0 0 0 0 0.18792 0.18792 0.18792 0.18792 0.14252 0.14252 0.14252 0.14252 0.2136 0.2136 0.2136 0.2136 0.15207 0.15207 0.15207 0.15207 0.03953 0.03953 0.03953 0.03953 0.03536 0.03536 0.03536 0.03536 0.025 0.025 0.025 0.025 0.13807 0.13807 0.13807 0.13807 0.10753 0.10753 0.10753 0.10753 0.19526 0.19526 0.19526 0.19526 0.10753 0.10753 0.10753 0.10753 0.01768 0.01768 0.01768 0.01768 0.1118 0.1118 0.1118 0.1118 0.27042 0.27042 0.27042 0.27042 0.1741 0.1741 0.1741 0.1741 0.03953 0.03953
0.16298 0.16298 0.16298 0 0 0 0 0.18792 0.18792 0.18792 0.18792 0.14252 0.14252 0.14252 0.14252 0.2136 0.2136 0.2136 0.2136 0.15207 0.15207 0.15207 0.15207 0.03953 0.03953 0.03953 0.03953 0.03536 0.03536 0.03536 0.03536 0.025 0.025 0.025 0.025 0.13807 0.13807 0.13807 0.13807 0.10753 0.10753 0.10753 0.10753 0.19526 0.19526 0.19526 0.19526 0.10753 0.10753 0.10753 0.10753 0.01768 0.01768 0.01768 0.01768 0.1118 0.1118 0.1118 0.1118 0.27042 0.27042 0.27042 0.27042 0.1741 0.1741 0.1741 0.1741 0.03953 0.03953
0.16298 0.16298 0.16298 0 0 0 0 0.18792 0.18792 0.18792 0.18792 0.14252 0.14252 0.14252 0.14252 0.2136 0.2136 0.2136 0.2136 0.15207 0.15207 0.15207 0.15207 0.03953 0.03953 0.03953 0.03953 0.03536 0.03536 0.03536 0.03536 0.025 0.025 0.025 0.025 0.13807 0.13807 0.13807 0.13807 0.10753 0.10753 0.10753 0.10753 0.19526 0.19526 0.19526 0.19526 0.10753 0.10753 0.10753 0.10753 0.01768 0.01768 0.01768 0.01768 0.1118 0.1118 0.1118 0.1118 0.27042 0.27042 0.27042 0.27042 0.1741 0.1741 0.1741 0.1741 0.03953 0.03953
0.16298 0.16298 0.16298 0.05303 0.05303 0.05303 0.05303 0.18456 0.18456 0.18456 0.18456 0.10753 0.10753 0.10753 0.10753 0.1118 0.1118 0.1118 0.1118 0.26517 0.26517 0.26517 0.26517 0.23717 0.23717 0.23717 0.23717 0.16298 0.16298 0.16298 0.16298 0.05303 0.05303 0.05303 0.05303 0.15 0.15 0.15 0.15 0.07289 0.07289 0.07289 0.07289 0.23049 0.23049 0.23049 0.23049 0.11859 0.11859 0.11859 0.11859 0.03536 0.03536 0.03536 0.03536 0.182 0.182 0.182 0.182 0.22361 0.22361 0.22361 0.22361 0.08839 0.08839 0.08839 0.08839 0.01768 0.01768
0.16298 0.16298 0.16298 0.05303 0.05303 0.05303 0.05303 0.18456 0.18456 0.18456 0.18456 0.10753 0.10753 0.10753 0.10753 0.1118 0.1118 0.1118 0.1118 0.26517 0.26517 0.26517 0.26517 0.23717 0.23717 0.23717 0.23717 0.16298 0.16298 0.16298 0.16298 0.05303 0.05303 0.05303 0.05303 0.15 0.15 0.15 0.15 0.07289 0.07289 0.07289 0.07289 0.23049 0.23049 0.23049 0.23049 0.11859 0.11859 0.11859 0.11859 0.03536 0.03536 0.03536 0.03536 0.182 0.182 0.182 0.182 0.22361 0.22361 0.22361 0.22361 0.08839 0.08839 0.08839 0.08839 0.01768 0.01768
0.16298 0.16298 0.16298 0.05303 0.05303 0.05303 0.05303 0.18456 0.18456 0.18456 0.18456 0.10753 0.10753 0.10753 0.10753 0.1118 0.1118 0.1118 0.1118 0.26517 0.26517 0.26517 0.26517 0.23717 0.23717 0.23717 0.23717 0.16298 0.16298 0.16298 0.16298 0.05303 0.05303 0.05303 0.05303 0.15 0.15 0.15 0.15 0.07289 0.07289 0.07289 0.07289 0.23049 0.23049 0.23049 0.23049 0.11859 0.11859 0.11859 0.11859 0.03536 0.03536 0.03536 0.03536 0.182 0.182 0.182 0.182 0.22361 0.22361 0.22361 0.22361 0.08839 0.08839 0.08839 0.08839 0.01768 0.01768
0.16298 0.16298 0.16298 0.05303 0.05303 0.05303 0.05303 0.18456 0.18456 0.18456 0.18456 0.10753 0.10753 0.10753 0.10753 0.1118 0.1118 0.1118 0.1118 0.26517 0.26517 0.26517 0.26517 0.23717 0.23717 0.23717 0.23717 0.16298 0.16298 0.16298 0.16298 0.05303 0.05303 0.05303 0.05303 0.15 0.15 0.15 0.15 0.07289 0.07289 0.07289 0.07289 0.23049 0.23049 0.23049 0.23049 0.11859 0.11859 0.11859 0.11859 0.03536 0.03536 0.03536 0.03536 0.182 0.182 0.182 0.182 0.22361 0.22361 0.22361 0.22361 0.08839 0.08839 0.08839 0.08839 0.01768 0.01768
0.175 0.175 0.175 0.10308 0.10308 0.10308 0.10308 0.15811 0.15811 0.15811 0.15811 0.14252 0.14252 0.14252 0.14252 0.17678 0.17678 0.17678 0.17678 0.2136 0.2136 0.2136 0.2136 0.12374 0.12374 0.12374 0.12374 0.11319 0.11319 0.11319 0.11319 0.14252 0.14252 0.14252 0.14252 0.17766 0.17766 0.17766 0.17766 0.18456 0.18456 0.18456 0.18456 0.19764 0.19764 0.19764 0.19764 0.1287 0.1287 0.1287 0.1287 0.07906 0.07906 0.07906 0.07906 0.26517 0.26517 0.26517 0.26517 0.2136 0.2136 0.2136 0.2136 0.03953 0.03953 0.03953 0.03953 0.03953 0.03953
0.175 0.175 0.175 0.10308 0.10308 0.10308 0.10308 0.15811 0.15811 0.15811 0.15811 0.14252 0.14252 0.14252 0.14252 0.17678 0.17678 0.17678 0.17678 0.2136 0.2136 0.2136 0.2136 0.12374 0.12374 0.12374 0.12374 0.11319 0.11319 0.11319 0.11319 0.14252 0.14252 0.14252 0.14252 0.17766 0.17766 0.17766 0.17766 0.18456 0.18456 0.18456 0.18456 0.19764 0.19764 0.19764 0.19764 0.1287 0.1287 0.1287 0.1287 0.07906 0.07906 0.07906 0.07906 0.26517 0.26517 0.26517 0.26517 0.2136 0.2136 0.2136 0.2136 0.03953 0.03953 0.03953 0.03953 0.03953 0.03953
0.175 0.175 0.175 0.10308 0.10308 0.10308 0.10308 0.15811 0.15811 0.15811 0.15811 0.14252 0.14252 0.14252 0.14252 0.17678 0.17678 0.17678 0.17678 0.2136 0.2136 0.2136 0.2136 0.12374 0.12374 0.12374 0.12374 0.11319 0.11319 0.11319 0.11319 0.14252 0.14252 0.14252 0.14252 0.17766 0.17766 0.17766 0.17766 0.18456 0.18456 0.18456 0.18456 0.19764 0.19764 0.19764 0.19764 0.1287 0.1287 0.1287 0.1287 0.07906 0.07906 0.07906 0.07906 0.26517 0.26517 0.26517 0.26517 0.2136 0.2136 0.2136 0.2136 0.03953 0.03953 0.03953 0.03953 0.03953 0.03953
