EU_data/Madrid/madrid_elevation.asc
ncols         400
nrows         400
xllcorner     3111250
yllcorner     1981250
cellsize      250
NODATA_value  -9999
[rows 42 to 83 of 400, columns 94 to 187 of 400]
163 163 163 163 164 164 164 164 168 168 168 168 166 166 166 166 169 169 169 169 169 169 169 169 171 171 171 171 172 172 172 172 176 176 176 176 180 180 180 180 179 179 179 179 174 174 174 174 177 177 177 177 181 181 181 181 181 181 181 181 178 178 178 178 180 180 180 180 178 178 178 178 180 180 180 180 183 183 183 183 183 183 183 183 181 181 181 181 180 180 180 180 181 181
162 162 162 162 165 165 165 165 168 168 168 168 166 166 166 166 168 168 168 168 166 166 166 166 171 171 171 171 174 174 174 174 178 178 178 178 178 178 178 178 172 172 172 172 171 171 171 171 177 177 177 177 179 179 179 179 180 180 180 180 181 181 181 181 180 180 180 180 181 181 181 181 183 183 183 183 183 183 183 183 182 182 182 182 183 183 183 183 183 183 183 183 182 182
162 162 162 162 165 165 165 165 168 168 168 168 166 166 166 166 168 168 168 168 166 166 166 166 171 171 171 171 174 174 174 174 178 178 178 178 178 178 178 178 172 172 172 172 171 171 171 171 177 177 177 177 179 179 179 179 180 180 180 180 181 181 181 181 180 180 180 180 181 181 181 181 183 183 183 183 183 183 183 183 182 182 182 182 183 183 183 183 183 183 183 183 182 182
162 162 162 162 165 165 165 165 168 168 168 168 166 166 166 166 168 168 168 168 166 166 166 166 171 171 171 171 174 174 174 174 178 178 178 178 178 178 178 178 172 172 172 172 171 171 171 171 177 177 177 177 179 179 179 179 180 180 180 180 181 181 181 181 180 180 180 180 181 181 181 181 183 183 183 183 183 183 183 183 182 182 182 182 183 183 183 183 183 183 183 183 182 182
162 162 162 162 165 165 165 165 168 168 168 168 166 166 166 166 168 168 168 168 166 166 166 166 171 171 171 171 174 174 174 174 178 178 178 178 178 178 178 178 172 172 172 172 171 171 171 171 177 177 177 177 179 179 179 179 180 180 180 180 181 181 181 181 180 180 180 180 181 181 181 181 183 183 183 183 183 183 183 183 182 182 182 182 183 183 183 183 183 183 183 183 182 182
164 164 164 164 168 168 168 168 170 170 170 170 171 171 171 171 169 169 169 169 171 171 171 171 174 174 174 174 177 177 177 177 178 178 178 178 175 175 175 175 166 166 166 166 170 170 170 170 172 172 172 172 172 172 172 172 179 179 179 179 177 177 177 177 178 178 178 178 181 181 181 181 183 183 183 183 183 183 183 183 183 183 183 183 183 183 183 183 182 182 182 182 183 183
164 164 164 164 168 168 168 168 170 170 170 170 171 171 171 171 169 169 169 169 171 171 171 171 174 174 174 174 177 177 177 177 178 178 178 178 175 175 175 175 166 166 166 166 170 170 170 170 172 172 172 172 172 172 172 172 179 179 179 179 177 177 177 177 178 178 178 178 181 181 181 181 183 183 183 183 183 183 183 183 183 183 183 183 183 183 183 183 182 182 182 182 183 183
164 164 164 164 168 168 168 168 170 170 170 170 171 171 171 171 169 169 169 169 171 171 171 171 174 174 174 174 177 177 177 177 178 178 178 178 175 175 175 175 166 166 166 166 170 170 170 170 172 172 172 172 172 172 172 172 179 179 179 179 177 177 177 177 178 178 178 178 181 181 181 181 183 183 183 183 183 183 183 183 183 183 183 183 183 183 183 183 182 182 182 182 183 183
164 164 164 164 168 168 168 168 170 170 170 170 171 171 171 171 169 169 169 169 171 171 171 171 174 174 174 174 177 177 177 177 178 178 178 178 175 175 175 175 166 166 166 166 170 170 170 170 172 172 172 172 172 172 172 172 179 179 179 179 177 177 177 177 178 178 178 178 181 181 181 181 183 183 183 183 183 183 183 183 183 183 183 183 183 183 183 183 182 182 182 182 183 183
167 167 167 167 169 169 169 169 169 169 169 169 169 169 169 169 171 171 171 171 174 174 174 174 177 177 177 177 174 174 174 174 177 177 177 177 173 173 173 173 165 165 165 165 168 168 168 168 168 168 168 168 171 171 171 171 173 173 173 173 174 174 174 174 178 178 178 178 179 179 179 179 181 181 181 181 183 183 183 183 181 181 181 181 181 181 181 181 181 181 181 181 180 180
167 167 167 167 169 169 169 169 169 169 169 169 169 169 169 169 171 171 171 171 174 174 174 174 177 177 177 177 174 174 174 174 177 177 177 177 173 173 173 173 165 165 165 165 168 168 168 168 168 168 168 168 171 171 171 171 173 173 173 173 174 174 174 174 178 178 178 178 179 179 179 179 181 181 181 181 183 183 183 183 181 181 181 181 181 181 181 181 181 181 181 181 180 180
167 167 167 167 169 169 169 169 169 169 169 169 169 169 169 169 171 171 171 171 174 174 174 174 177 177 177 177 174 174 174 174 177 177 177 177 173 173 173 173 165 165 165 165 168 168 168 168 168 168 168 168 171 171 171 171 173 173 173 173 174 174 174 174 178 178 178 178 179 179 179 179 181 181 181 181 183 183 183 183 181 181 181 181 181 181 181 181 181 181 181 181 180 180
167 167 167 167 169 169 169 169 169 169 169 169 169 169 169 169 171 171 171 171 174 174 174 174 177 177 177 177 174 174 174 174 177 177 177 177 173 173 173 173 165 165 165 165 168 168 168 168 168 168 168 168 171 171 171 171 173 173 173 173 174 174 174 174 178 178 178 178 179 179 179 179 181 181 181 181 183 183 183 183 181 181 181 181 181 181 181 181 181 181 181 181 180 180
165 165 165 165 167 167 167 167 168 168 168 168 169 169 169 169 173 173 173 173 174 174 174 174 170 170 170 170 168 168 168 168 166 166 166 166 167 167 167 167 164 164 164 164 164 164 164 164 164 164 164 164 168 168 168 168 170 170 170 170 177 177 177 177 175 175 175 175 175 175 175 175 180 180 180 180 181 181 181 181 180 180 180 180 178 178 178 178 177 177 177 177 172 172
165 165 165 165 167 167 167 167 168 168 168 168 169 169 169 169 173 173 173 173 174 174 174 174 170 170 170 170 168 168 168 168 166 166 166 166 167 167 167 167 164 164 164 164 164 164 164 164 164 164 164 164 168 168 168 168 170 170 170 170 177 177 177 177 175 175 175 175 175 175 175 175 180 180 180 180 181 181 181 181 180 180 180 180 178 178 178 178 177 177 177 177 172 172
165 165 165 165 167 167 167 167 168 168 168 168 169 169 169 169 173 173 173 173 174 174 174 174 170 170 170 170 168 168 168 168 166 166 166 166 167 167 167 167 164 164 164 164 164 164 164 164 164 164 164 164 168 168 168 168 170 170 170 170 177 177 177 177 175 175 175 175 175 175 175 175 180 180 180 180 181 181 181 181 180 180 180 180 178 178 178 178 177 177 177 177 172 172
165 165 165 165 167 167 167 167 168 168 168 168 169 169 169 169 173 173 173 173 174 174 174 174 170 170 170 170 168 168 168 168 166 166 166 166 167 167 167 167 164 164 164 164 164 164 164 164 164 164 164 164 168 168 168 168 170 170 170 170 177 177 177 177 175 175 175 175 175 175 175 175 180 180 180 180 181 181 181 181 180 180 180 180 178 178 178 178 177 177 177 177 172 172
166 166 166 166 166 166 166 166 171 171 171 171 173 173 173 173 173 173 173 173 166 166 166 166 162 162 162 162 163 163 163 163 161 161 161 161 161 161 161 161 160 160 160 160 160 160 160 160 162 162 162 162 167 167 167 167 171 171 171 171 170 170 170 170 169 169 169 169 173 173 173 173 176 176 176 176 177 177 177 177 178 178 178 178 175 175 175 175 171 171 171 171 168 168
166 166 166 166 166 166 166 166 171 171 171 171 173 173 173 173 173 173 173 173 166 166 166 166 162 162 162 162 163 163 163 163 161 161 161 161 161 161 161 161 160 160 160 160 160 160 160 160 162 162 162 162 167 167 167 167 171 171 171 171 170 170 170 170 169 169 169 169 173 173 173 173 176 176 176 176 177 177 177 177 178 178 178 178 175 175 175 175 171 171 171 171 168 168
166 166 166 166 166 166 166 166 171 171 171 171 173 173 173 173 173 173 173 173 166 166 166 166 162 162 162 162 163 163 163 163 161 161 161 161 161 161 161 161 160 160 160 160 160 160 160 160 162 162 162 162 167 167 167 167 171 171 171 171 170 170 170 170 169 169 169 169 173 173 173 173 176 176 176 176 177 177 177 177 178 178 178 178 175 175 175 175 171 171 171 171 168 168
166 166 166 166 166 166 166 166 171 171 171 171 173 173 173 173 173 173 173 173 166 166 166 166 162 162 162 162 163 163 163 163 161 161 161 161 161 161 161 161 160 160 160 160 160 160 160 160 162 162 162 162 167 167 167 167 171 171 171 171 170 170 170 170 169 169 169 169 173 173 173 173 176 176 176 176 177 177 177 177 178 178 178 178 175 175 175 175 171 171 171 171 168 168
172 172 172 172 174 174 174 174 174 174 174 174 172 172 172 172 166 166 166 166 162 162 162 162 157 157 157 157 154 154 154 154 154 154 154 154 154 154 154 154 159 159 159 159 160 160 160 160 164 164 164 164 167 167 167 167 167 167 167 167 165 165 165 165 168 168 168 168 169 169 169 169 172 172 172 172 170 170 170 170 172 172 172 172 175 175 175 175 166 166 166 166 164 164
172 172 172 172 174 174 174 174 174 174 174 174 172 172 172 172 166 166 166 166 162 162 162 162 157 157 157 157 154 154 154 154 154 154 154 154 154 154 154 154 159 159 159 159 160 160 160 160 164 164 164 164 167 167 167 167 167 167 167 167 165 165 165 165 168 168 168 168 169 169 169 169 172 172 172 172 170 170 170 170 172 172 172 172 175 175 175 175 166 166 166 166 164 164
172 172 172 172 174 174 174 174 174 174 174 174 172 172 172 172 166 166 166 166 162 162 162 162 157 157 157 157 154 154 154 154 154 154 154 154 154 154 154 154 159 159 159 159 160 160 160 160 164 164 164 164 167 167 167 167 167 167 167 167 165 165 165 165 168 168 168 168 169 169 169 169 172 172 172 172 170 170 170 170 172 172 172 172 175 175 175 175 166 166 166 166 164 164
172 172 172 172 174 174 174 174 174 174 174 174 172 172 172 172 166 166 166 166 162 162 162 162 157 157 157 157 154 154 154 154 154 154 154 154 154 154 154 154 159 159 159 159 160 160 160 160 164 164 164 164 167 167 167 167 167 167 167 167 165 165 165 165 168 168 168 168 169 169 169 169 172 172 172 172 170 170 170 170 172 172 172 172 175 175 175 175 166 166 166 166 164 164
177 177 177 177 176 176 176 176 175 175 175 175 173 173 173 173 164 164 164 164 157 157 157 157 154 154 154 154 155 155 155 155 155 155 155 155 158 158 158 158 157 157 157 157 164 164 164 164 167 167 167 167 164 164 164 164 163 163 163 163 162 162 162 162 164 164 164 164 164 164 164 164 167 167 167 167 164 164 164 164 164 164 164 164 171 171 171 171 171 171 171 171 163 163
177 177 177 177 176 176 176 176 175 175 175 175 173 173 173 173 164 164 164 164 157 157 157 157 154 154 154 154 155 155 155 155 155 155 155 155 158 158 158 158 157 157 157 157 164 164 164 164 167 167 167 167 164 164 164 164 163 163 163 163 162 162 162 162 164 164 164 164 164 164 164 164 167 167 167 167 164 164 164 164 164 164 164 164 171 171 171 171 171 171 171 171 163 163
177 177 177 177 176 176 176 176 175 175 175 175 173 173 173 173 164 164 164 164 157 157 157 157 154 154 154 154 155 155 155 155 155 155 155 155 158 158 158 158 157 157 157 157 164 164 164 164 167 167 167 167 164 164 164 164 163 163 163 163 162 162 162 162 164 164 164 164 164 164 164 164 167 167 167 167 164 164 164 164 164 164 164 164 171 171 171 171 171 171 171 171 163 163
177 177 177 177 176 176 176 176 175 175 175 175 173 173 173 173 164 164 164 164 157 157 157 157 154 154 154 154 155 155 155 155 155 155 155 155 158 158 158 158 157 157 157 157 164 164 164 164 167 167 167 167 164 164 164 164 163 163 163 163 162 162 162 162 164 164 164 164 164 164 164 164 167 167 167 167 164 164 164 164 164 164 164 164 171 171 171 171 171 171 171 171 163 163
177 177 177 177 172 172 172 172 171 171 171 171 168 168 168 168 164 164 164 164 154 154 154 154 151 151 151 151 156 156 156 156 156 156 156 156 154 154 154 154 159 159 159 159 161 161 161 161 160 160 160 160 163 163 163 163 161 161 161 161 162 162 162 162 160 160 160 160 159 159 159 159 157 157 157 157 157 157 157 157 154 154 154 154 154 154 154 154 165 165 165 165 163 163
177 177 177 177 172 172 172 172 171 171 171 171 168 168 168 168 164 164 164 164 154 154 154 154 151 151 151 151 156 156 156 156 156 156 156 156 154 154 154 154 159 159 159 159 161 161 161 161 160 160 160 160 163 163 163 163 161 161 161 161 162 162 162 162 160 160 160 160 159 159 159 159 157 157 157 157 157 157 157 157 154 154 154 154 154 154 154 154 165 165 165 165 163 163
177 177 177 177 172 172 172 172 171 171 171 171 168 168 168 168 164 164 164 164 154 154 154 154 151 151 151 151 156 156 156 156 156 156 156 156 154 154 154 154 159 159 159 159 161 161 161 161 160 160 160 160 163 163 163 163 161 161 161 161 162 162 162 162 160 160 160 160 159 159 159 159 157 157 157 157 157 157 157 157 154 154 154 154 154 154 154 154 165 165 165 165 163 163
177 177 177 177 172 172 172 172 171 171 171 171 168 168 168 168 164 164 164 164 154 154 154 154 151 151 151 151 156 156 156 156 156 156 156 156 154 154 154 154 159 159 159 159 161 161 161 161 160 160 160 160 163 163 163 163 161 161 161 161 162 162 162 162 160 160 160 160 159 159 159 159 157 157 157 157 157 157 157 157 154 154 154 154 154 154 154 154 165 165 165 165 163 163
173 173 173 173 167 167 167 167 165 165 165 165 162 162 162 162 161 161 161 161 158 158 158 158 150 150 150 150 150 150 150 150 156 156 156 156 151 151 151 151 151 151 151 151 154 154 154 154 160 160 160 160 162 162 162 162 160 160 160 160 159 159 159 159 154 154 154 154 158 158 158 158 158 158 158 158 151 151 151 151 156 156 156 156 150 150 150 150 154 154 154 154 154 154
173 173 173 173 167 167 167 167 165 165 165 165 162 162 162 162 161 161 161 161 158 158 158 158 150 150 150 150 150 150 150 150 156 156 156 156 151 151 151 151 151 151 151 151 154 154 154 154 160 160 160 160 162 162 162 162 160 160 160 160 159 159 159 159 154 154 154 154 158 158 158 158 158 158 158 158 151 151 151 151 156 156 156 156 150 150 150 150 154 154 154 154 154 154
173 173 173 173 167 167 167 167 165 165 165 165 162 162 162 162 161 161 161 161 158 158 158 158 150 150 150 150 150 150 150 150 156 156 156 156 151 151 151 151 151 151 151 151 154 154 154 154 160 160 160 160 162 162 162 162 160 160 160 160 159 159 159 159 154 154 154 154 158 158 158 158 158 158 158 158 151 151 151 151 156 156 156 156 150 150 150 150 154 154 154 154 154 154
173 173 173 173 167 167 167 167 165 165 165 165 162 162 162 162 161 161 161 161 158 158 158 158 150 150 150 150 150 150 150 150 156 156 156 156 151 151 151 151 151 151 151 151 154 154 154 154 160 160 160 160 162 162 162 162 160 160 160 160 159 159 159 159 154 154 154 154 158 158 158 158 158 158 158 158 151 151 151 151 156 156 156 156 150 150 150 150 154 154 154 154 154 154
170 170 170 170 167 167 167 167 163 163 163 163 157 157 157 157 159 159 159 159 151 151 151 151 152 152 152 152 152 152 152 152 153 153 153 153 152 152 152 152 156 156 156 156 151 151 151 151 155 155 155 155 154 154 154 154 160 160 160 160 159 159 159 159 155 155 155 155 151 151 151 151 156 156 156 156 156 156 156 156 150 150 150 150 152 152 152 152 153 153 153 153 150 150
170 170 170 170 167 167 167 167 163 163 163 163 157 157 157 157 159 159 159 159 151 151 151 151 152 152 152 152 152 152 152 152 153 153 153 153 152 152 152 152 156 156 156 156 151 151 151 151 155 155 155 155 154 154 154 154 160 160 160 160 159 159 159 159 155 155 155 155 151 151 151 151 156 156 156 156 156 156 156 156 150 150 150 150 152 152 152 152 153 153 153 153 150 150
170 170 170 170 167 167 167 167 163 163 163 163 157 157 157 157 159 159 159 159 151 151 151 151 152 152 152 152 152 152 152 152 153 153 153 153 152 152 152 152 156 156 156 156 151 151 151 151 155 155 155 155 154 154 154 154 160 160 160 160 159 159 159 159 155 155 155 155 151 151 151 151 156 156 156 156 156 156 156 156 150 150 150 150 152 152 152 152 153 153 153 153 150 150
170 170 170 170 167 167 167 167 163 163 163 163 157 157 157 157 159 159 159 159 151 151 151 151 152 152 152 152 152 152 152 152 153 153 153 153 152 152 152 152 156 156 156 156 151 151 151 151 155 155 155 155 154 154 154 154 160 160 160 160 159 159 159 159 155 155 155 155 151 151 151 151 156 156 156 156 156 156 156 156 150 150 150 150 152 152 152 152 153 153 153 153 150 150
171 171 171 171 164 164 164 164 163 163 163 163 160 160 160 160 154 154 154 154 156 156 156 156 152 152 152 152 153 153 153 153 153 153 153 153 153 153 153 153 152 152 152 152 152 152 152 152 156 156 156 156 154 154 154 154 164 164 164 164 160 160 160 160 155 155 155 155 156 156 156 156 150 150 150 150 152 152 152 152 153 153 153 153 149 149 149 149 146 146 146 146 153 153
