EU_data/Madrid/madrid_elevation.asc
ncols         400
nrows         400
xllcorner     3111250
yllcorner     1981250
cellsize      250
NODATA_value  -9999
[rows 0 to 41 of 400, columns 282 to 375 of 400]
158 158 158 158 155 155 155 155 151 151 151 151 155 155 155 155 155 155 155 155 151 151 151 151 156 156 156 156 156 156 156 156 156 156 156 156 156 156 156 156 150 150 150 150 150 150 150 150 151 151 151 151 158 158 158 158 159 159 159 159 163 163 163 163 169 169 169 169 173 173 173 173 175 175 175 175 177 177 177 177 166 166 166 166 167 167 167 167 167 167 167 167 173 173
158 158 158 158 155 155 155 155 151 151 151 151 155 155 155 155 155 155 155 155 151 151 151 151 156 156 156 156 156 156 156 156 156 156 156 156 156 156 156 156 150 150 150 150 150 150 150 150 151 151 151 151 158 158 158 158 159 159 159 159 163 163 163 163 169 169 169 169 173 173 173 173 175 175 175 175 177 177 177 177 166 166 166 166 167 167 167 167 167 167 167 167 173 173
158 158 158 158 155 155 155 155 151 151 151 151 155 155 155 155 155 155 155 155 151 151 151 151 156 156 156 156 156 156 156 156 156 156 156 156 156 156 156 156 150 150 150 150 150 150 150 150 151 151 151 151 158 158 158 158 159 159 159 159 163 163 163 163 169 169 169 169 173 173 173 173 175 175 175 175 177 177 177 177 166 166 166 166 167 167 167 167 167 167 167 167 173 173
155 155 155 155 155 155 155 155 154 154 154 154 154 154 154 154 154 154 154 154 154 154 154 154 154 154 154 154 154 154 154 154 154 154 154 154 151 151 151 151 150 150 150 150 153 153 153 153 156 156 156 156 158 158 158 158 154 154 154 154 164 164 164 164 166 166 166 166 167 167 167 167 174 174 174 174 175 175 175 175 166 166 166 166 164 164 164 164 167 167 167 167 172 172
155 155 155 155 155 155 155 155 154 154 154 154 154 154 154 154 154 154 154 154 154 154 154 154 154 154 154 154 154 154 154 154 154 154 154 154 151 151 151 151 150 150 150 150 153 153 153 153 156 156 156 156 158 158 158 158 154 154 154 154 164 164 164 164 166 166 166 166 167 167 167 167 174 174 174 174 175 175 175 175 166 166 166 166 164 164 164 164 167 167 167 167 172 172
155 155 155 155 155 155 155 155 154 154 154 154 154 154 154 154 154 154 154 154 154 154 154 154 154 154 154 154 154 154 154 154 154 154 154 154 151 151 151 151 150 150 150 150 153 153 153 153 156 156 156 156 158 158 158 158 154 154 154 154 164 164 164 164 166 166 166 166 167 167 167 167 174 174 174 174 175 175 175 175 166 166 166 166 164 164 164 164 167 167 167 167 172 172
155 155 155 155 155 155 155 155 154 154 154 154 154 154 154 154 154 154 154 154 154 154 154 154 154 154 154 154 154 154 154 154 154 154 154 154 151 151 151 151 150 150 150 150 153 153 153 153 156 156 156 156 158 158 158 158 154 154 154 154 164 164 164 164 166 166 166 166 167 167 167 167 174 174 174 174 175 175 175 175 166 166 166 166 164 164 164 164 167 167 167 167 172 172
154 154 154 154 154 154 154 154 159 159 159 159 157 157 157 157 160 160 160 160 160 160 160 160 161 161 161 161 157 157 157 157 154 154 154 154 151 151 151 151 150 150 150 150 146 146 146 146 156 156 156 156 155 155 155 155 159 159 159 159 167 167 167 167 165 165 165 165 164 164 164 164 172 172 172 172 173 173 173 173 169 169 169 169 164 164 164 164 167 167 167 167 170 170
154 154 154 154 154 154 154 154 159 159 159 159 157 157 157 157 160 160 160 160 160 160 160 160 161 161 161 161 157 157 157 157 154 154 154 154 151 151 151 151 150 150 150 150 146 146 146 146 156 156 156 156 155 155 155 155 159 159 159 159 167 167 167 167 165 165 165 165 164 164 164 164 172 172 172 172 173 173 173 173 169 169 169 169 164 164 164 164 167 167 167 167 170 170
154 154 154 154 154 154 154 154 159 159 159 159 157 157 157 157 160 160 160 160 160 160 160 160 161 161 161 161 157 157 157 157 154 154 154 154 151 151 151 151 150 150 150 150 146 146 146 146 156 156 156 156 155 155 155 155 159 159 159 159 167 167 167 167 165 165 165 165 164 164 164 164 172 172 172 172 173 173 173 173 169 169 169 169 164 164 164 164 167 167 167 167 170 170
154 154 154 154 154 154 154 154 159 159 159 159 157 157 157 157 160 160 160 160 160 160 160 160 161 161 161 161 157 157 157 157 154 154 154 154 151 151 151 151 150 150 150 150 146 146 146 146 156 156 156 156 155 155 155 155 159 159 159 159 167 167 167 167 165 165 165 165 164 164 164 164 172 172 172 172 173 173 173 173 169 169 169 169 164 164 164 164 167 167 167 167 170 170
161 161 161 161 164 164 164 164 160 160 160 160 163 163 163 163 160 160 160 160 159 159 159 159 154 154 154 154 154 154 154 154 158 158 158 158 156 156 156 156 152 152 152 152 149 149 149 149 150 150 150 150 155 155 155 155 157 157 157 157 166 166 166 166 162 162 162 162 164 164 164 164 171 171 171 171 168 168 168 168 169 169 169 169 164 164 164 164 164 164 164 164 166 166
161 161 161 161 164 164 164 164 160 160 160 160 163 163 163 163 160 160 160 160 159 159 159 159 154 154 154 154 154 154 154 154 158 158 158 158 156 156 156 156 152 152 152 152 149 149 149 149 150 150 150 150 155 155 155 155 157 157 157 157 166 166 166 166 162 162 162 162 164 164 164 164 171 171 171 171 168 168 168 168 169 169 169 169 164 164 164 164 164 164 164 164 166 166
161 161 161 161 164 164 164 164 160 160 160 160 163 163 163 163 160 160 160 160 159 159 159 159 154 154 154 154 154 154 154 154 158 158 158 158 156 156 156 156 152 152 152 152 149 149 149 149 150 150 150 150 155 155 155 155 157 157 157 157 166 166 166 166 162 162 162 162 164 164 164 164 171 171 171 171 168 168 168 168 169 169 169 169 164 164 164 164 164 164 164 164 166 166
161 161 161 161 164 164 164 164 160 160 160 160 163 163 163 163 160 160 160 160 159 159 159 159 154 154 154 154 154 154 154 154 158 158 158 158 156 156 156 156 152 152 152 152 149 149 149 149 150 150 150 150 155 155 155 155 157 157 157 157 166 166 166 166 162 162 162 162 164 164 164 164 171 171 171 171 168 168 168 168 169 169 169 169 164 164 164 164 164 164 164 164 166 166
164 164 164 164 167 167 167 167 164 164 164 164 164 164 164 164 157 157 157 157 154 154 154 154 155 155 155 155 151 151 151 151 151 151 151 151 156 156 156 156 149 149 149 149 149 149 149 149 156 156 156 156 158 158 158 158 157 157 157 157 165 165 165 165 157 157 157 157 157 157 157 157 162 162 162 162 160 160 160 160 167 167 167 167 161 161 161 161 165 165 165 165 170 170
164 164 164 164 167 167 167 167 164 164 164 164 164 164 164 164 157 157 157 157 154 154 154 154 155 155 155 155 151 151 151 151 151 151 151 151 156 156 156 156 149 149 149 149 149 149 149 149 156 156 156 156 158 158 158 158 157 157 157 157 165 165 165 165 157 157 157 157 157 157 157 157 162 162 162 162 160 160 160 160 167 167 167 167 161 161 161 161 165 165 165 165 170 170
164 164 164 164 167 167 167 167 164 164 164 164 164 164 164 164 157 157 157 157 154 154 154 154 155 155 155 155 151 151 151 151 151 151 151 151 156 156 156 156 149 149 149 149 149 149 149 149 156 156 156 156 158 158 158 158 157 157 157 157 165 165 165 165 157 157 157 157 157 157 157 157 162 162 162 162 160 160 160 160 167 167 167 167 161 161 161 161 165 165 165 165 170 170
164 164 164 164 167 167 167 167 164 164 164 164 164 164 164 164 157 157 157 157 154 154 154 154 155 155 155 155 151 151 151 151 151 151 151 151 156 156 156 156 149 149 149 149 149 149 149 149 156 156 156 156 158 158 158 158 157 157 157 157 165 165 165 165 157 157 157 157 157 157 157 157 162 162 162 162 160 160 160 160 167 167 167 167 161 161 161 161 165 165 165 165 170 170
164 164 164 164 167 167 167 167 164 164 164 164 161 161 161 161 159 159 159 159 154 154 154 154 155 155 155 155 156 156 156 156 156 156 156 156 156 156 156 156 146 146 146 146 153 153 153 153 156 156 156 156 155 155 155 155 157 157 157 157 161 161 161 161 155 155 155 155 156 156 156 156 155 155 155 155 159 159 159 159 157 157 157 157 162 162 162 162 171 171 171 171 174 174
164 164 164 164 167 167 167 167 164 164 164 164 161 161 161 161 159 159 159 159 154 154 154 154 155 155 155 155 156 156 156 156 156 156 156 156 156 156 156 156 146 146 146 146 153 153 153 153 156 156 156 156 155 155 155 155 157 157 157 157 161 161 161 161 155 155 155 155 156 156 156 156 155 155 155 155 159 159 159 159 157 157 157 157 162 162 162 162 171 171 171 171 174 174
164 164 164 164 167 167 167 167 164 164 164 164 161 161 161 161 159 159 159 159 154 154 154 154 155 155 155 155 156 156 156 156 156 156 156 156 156 156 156 156 146 146 146 146 153 153 153 153 156 156 156 156 155 155 155 155 157 157 157 157 161 161 161 161 155 155 155 155 156 156 156 156 155 155 155 155 159 159 159 159 157 157 157 157 162 162 162 162 171 171 171 171 174 174
164 164 164 164 167 167 167 167 164 164 164 164 161 161 161 161 159 159 159 159 154 154 154 154 155 155 155 155 156 156 156 156 156 156 156 156 156 156 156 156 146 146 146 146 153 153 153 153 156 156 156 156 155 155 155 155 157 157 157 157 161 161 161 161 155 155 155 155 156 156 156 156 155 155 155 155 159 159 159 159 157 157 157 157 162 162 162 162 171 171 171 171 174 174
167 167 167 167 167 167 167 167 157 157 157 157 154 154 154 154 155 155 155 155 151 151 151 151 156 156 156 156 156 156 156 156 150 150 150 150 153 153 153 153 146 146 146 146 153 153 153 153 156 156 156 156 151 151 151 151 157 157 157 157 155 155 155 155 150 150 150 150 154 154 154 154 161 161 161 161 161 161 161 161 164 164 164 164 167 167 167 167 173 173 173 173 171 171
167 167 167 167 167 167 167 167 157 157 157 157 154 154 154 154 155 155 155 155 151 151 151 151 156 156 156 156 156 156 156 156 150 150 150 150 153 153 153 153 146 146 146 146 153 153 153 153 156 156 156 156 151 151 151 151 157 157 157 157 155 155 155 155 150 150 150 150 154 154 154 154 161 161 161 161 161 161 161 161 164 164 164 164 167 167 167 167 173 173 173 173 171 171
167 167 167 167 167 167 167 167 157 157 157 157 154 154 154 154 155 155 155 155 151 151 151 151 156 156 156 156 156 156 156 156 150 150 150 150 153 153 153 153 146 146 146 146 153 153 153 153 156 156 156 156 151 151 151 151 157 157 157 157 155 155 155 155 150 150 150 150 154 154 154 154 161 161 161 161 161 161 161 161 164 164 164 164 167 167 167 167 173 173 173 173 171 171
167 167 167 167 167 167 167 167 157 157 157 157 154 154 154 154 155 155 155 155 151 151 151 151 156 156 156 156 156 156 156 156 150 150 150 150 153 153 153 153 146 146 146 146 153 153 153 153 156 156 156 156 151 151 151 151 157 157 157 157 155 155 155 155 150 150 150 150 154 154 154 154 161 161 161 161 161 161 161 161 164 164 164 164 167 167 167 167 173 173 173 173 171 171
173 173 173 173 164 164 164 164 154 154 154 154 151 151 151 151 156 156 156 156 156 156 156 156 156 156 156 156 152 152 152 152 152 152 152 152 153 153 153 153 147 147 147 147 146 146 146 146 156 156 156 156 156 156 156 156 154 154 154 154 152 152 152 152 156 156 156 156 162 162 162 162 167 167 167 167 164 164 164 164 167 167 167 167 169 169 169 169 169 169 169 169 167 167
173 173 173 173 164 164 164 164 154 154 154 154 151 151 151 151 156 156 156 156 156 156 156 156 156 156 156 156 152 152 152 152 152 152 152 152 153 153 153 153 147 147 147 147 146 146 146 146 156 156 156 156 156 156 156 156 154 154 154 154 152 152 152 152 156 156 156 156 162 162 162 162 167 167 167 167 164 164 164 164 167 167 167 167 169 169 169 169 169 169 169 169 167 167
173 173 173 173 164 164 164 164 154 154 154 154 151 151 151 151 156 156 156 156 156 156 156 156 156 156 156 156 152 152 152 152 152 152 152 152 153 153 153 153 147 147 147 147 146 146 146 146 156 156 156 156 156 156 156 156 154 154 154 154 152 152 152 152 156 156 156 156 162 162 162 162 167 167 167 167 164 164 164 164 167 167 167 167 169 169 169 169 169 169 169 169 167 167
173 173 173 173 164 164 164 164 154 154 154 154 151 151 151 151 156 156 156 156 156 156 156 156 156 156 156 156 152 152 152 152 152 152 152 152 153 153 153 153 147 147 147 147 146 146 146 146 156 156 156 156 156 156 156 156 154 154 154 154 152 152 152 152 156 156 156 156 162 162 162 162 167 167 167 167 164 164 164 164 167 167 167 167 169 169 169 169 169 169 169 169 167 167
172 172 172 172 164 164 164 164 159 159 159 159 156 156 156 156 156 156 156 156 150 150 150 150 150 150 150 150 153 153 153 153 153 153 153 153 153 153 153 153 147 147 147 147 147 147 147 147 152 152 152 152 156 156 156 156 158 158 158 158 149 149 149 149 156 156 156 156 159 159 159 159 154 154 154 154 160 160 160 160 163 163 163 163 167 167 167 167 164 164 164 164 161 161
172 172 172 172 164 164 164 164 159 159 159 159 156 156 156 156 156 156 156 156 150 150 150 150 150 150 150 150 153 153 153 153 153 153 153 153 153 153 153 153 147 147 147 147 147 147 147 147 152 152 152 152 156 156 156 156 158 158 158 158 149 149 149 149 156 156 156 156 159 159 159 159 154 154 154 154 160 160 160 160 163 163 163 163 167 167 167 167 164 164 164 164 161 161
172 172 172 172 164 164 164 164 159 159 159 159 156 156 156 156 156 156 156 156 150 150 150 150 150 150 150 150 153 153 153 153 153 153 153 153 153 153 153 153 147 147 147 147 147 147 147 147 152 152 152 152 156 156 156 156 158 158 158 158 149 149 149 149 156 156 156 156 159 159 159 159 154 154 154 154 160 160 160 160 163 163 163 163 167 167 167 167 164 164 164 164 161 161
172 172 172 172 164 164 164 164 159 159 159 159 156 156 156 156 156 156 156 156 150 150 150 150 150 150 150 150 153 153 153 153 153 153 153 153 153 153 153 153 147 147 147 147 147 147 147 147 152 152 152 152 156 156 156 156 158 158 158 158 149 149 149 149 156 156 156 156 159 159 159 159 154 154 154 154 160 160 160 160 163 163 163 163 167 167 167 167 164 164 164 164 161 161
169 169 169 169 164 164 164 164 157 157 157 157 155 155 155 155 151 151 151 151 150 150 150 150 153 153 153 153 153 153 153 153 146 146 146 146 146 146 146 146 148 148 148 148 144 144 144 144 149 149 149 149 153 153 153 153 150 150 150 150 146 146 146 146 152 152 152 152 150 150 150 150 159 159 159 159 163 163 163 163 159 159 159 159 157 157 157 157 155 155 155 155 151 151
169 169 169 169 164 164 164 164 157 157 157 157 155 155 155 155 151 151 151 151 150 150 150 150 153 153 153 153 153 153 153 153 146 146 146 146 146 146 146 146 148 148 148 148 144 144 144 144 149 149 149 149 153 153 153 153 150 150 150 150 146 146 146 146 152 152 152 152 150 150 150 150 159 159 159 159 163 163 163 163 159 159 159 159 157 157 157 157 155 155 155 155 151 151
169 169 169 169 164 164 164 164 157 157 157 157 155 155 155 155 151 151 151 151 150 150 150 150 153 153 153 153 153 153 153 153 146 146 146 146 146 146 146 146 148 148 148 148 144 144 144 144 149 149 149 149 153 153 153 153 150 150 150 150 146 146 146 146 152 152 152 152 150 150 150 150 159 159 159 159 163 163 163 163 159 159 159 159 157 157 157 157 155 155 155 155 151 151
169 169 169 169 164 164 164 164 157 157 157 157 155 155 155 155 151 151 151 151 150 150 150 150 153 153 153 153 153 153 153 153 146 146 146 146 146 146 146 146 148 148 148 148 144 144 144 144 149 149 149 149 153 153 153 153 150 150 150 150 146 146 146 146 152 152 152 152 150 150 150 150 159 159 159 159 163 163 163 163 159 159 159 159 157 157 157 157 155 155 155 155 151 151
165 165 165 165 168 168 168 168 165 165 165 165 164 164 164 164 162 162 162 162 158 158 158 158 156 156 156 156 150 150 150 150 146 146 146 146 147 147 147 147 144 144 144 144 148 148 148 148 146 146 146 146 148 148 148 148 147 147 147 147 144 144 144 144 153 153 153 153 146 146 146 146 156 156 156 156 154 154 154 154 156 156 156 156 153 153 153 153 152 152 152 152 150 150
165 165 165 165 168 168 168 168 165 165 165 165 164 164 164 164 162 162 162 162 158 158 158 158 156 156 156 156 150 150 150 150 146 146 146 146 147 147 147 147 144 144 144 144 148 148 148 148 146 146 146 146 148 148 148 148 147 147 147 147 144 144 144 144 153 153 153 153 146 146 146 146 156 156 156 156 154 154 154 154 156 156 156 156 153 153 153 153 152 152 152 152 150 150
165 165 165 165 168 168 168 168 165 165 165 165 164 164 164 164 162 162 162 162 158 158 158 158 156 156 156 156 150 150 150 150 146 146 146 146 147 147 147 147 144 144 144 144 148 148 148 148 146 146 146 146 148 148 148 148 147 147 147 147 144 144 144 144 153 153 153 153 146 146 146 146 156 156 156 156 154 154 154 154 156 156 156 156 153 153 153 153 152 152 152 152 150 150
