EU_data/Madrid/madrid_elevation.asc
ncols         400
nrows         400
xllcorner     3111250
yllcorner     1981250
cellsize      250
NODATA_value  -9999
[rows 42 to 83 of 400, columns 282 to 375 of 400]
165 165 165 165 168 168 168 168 165 165 165 165 164 164 164 164 162 162 162 162 158 158 158 158 156 156 156 156 150 150 150 150 146 146 146 146 147 147 147 147 144 144 144 144 148 148 148 148 146 146 146 146 148 148 148 148 147 147 147 147 144 144 144 144 153 153 153 153 146 146 146 146 156 156 156 156 154 154 154 154 156 156 156 156 153 153 153 153 152 152 152 152 150 150
163 163 163 163 167 167 167 167 168 168 168 168 169 169 169 169 167 167 167 167 159 159 159 159 154 154 154 154 156 156 156 156 153 153 153 153 146 146 146 146 144 144 144 144 148 148 148 148 148 148 148 148 148 148 148 148 144 144 144 144 148 148 148 148 148 148 148 148 144 144 144 144 147 147 147 147 146 146 146 146 146 146 146 146 146 146 146 146 153 153 153 153 153 153
163 163 163 163 167 167 167 167 168 168 168 168 169 169 169 169 167 167 167 167 159 159 159 159 154 154 154 154 156 156 156 156 153 153 153 153 146 146 146 146 144 144 144 144 148 148 148 148 148 148 148 148 148 148 148 148 144 144 144 144 148 148 148 148 148 148 148 148 144 144 144 144 147 147 147 147 146 146 146 146 146 146 146 146 146 146 146 146 153 153 153 153 153 153
163 163 163 163 167 167 167 167 168 168 168 168 169 169 169 169 167 167 167 167 159 159 159 159 154 154 154 154 156 156 156 156 153 153 153 153 146 146 146 146 144 144 144 144 148 148 148 148 148 148 148 148 148 148 148 148 144 144 144 144 148 148 148 148 148 148 148 148 144 144 144 144 147 147 147 147 146 146 146 146 146 146 146 146 146 146 146 146 153 153 153 153 153 153
163 163 163 163 167 167 167 167 168 168 168 168 169 169 169 169 167 167 167 167 159 159 159 159 154 154 154 154 156 156 156 156 153 153 153 153 146 146 146 146 144 144 144 144 148 148 148 148 148 148 148 148 148 148 148 148 144 144 144 144 148 148 148 148 148 148 148 148 144 144 144 144 147 147 147 147 146 146 146 146 146 146 146 146 146 146 146 146 153 153 153 153 153 153
154 154 154 154 163 163 163 163 160 160 160 160 154 154 154 154 159 159 159 159 154 154 154 154 155 155 155 155 156 156 156 156 153 153 153 153 146 146 146 146 146 146 146 146 149 149 149 149 154 154 154 154 158 158 158 158 152 152 152 152 156 156 156 156 151 151 151 151 143 143 143 143 145 145 145 145 147 147 147 147 148 148 148 148 146 146 146 146 153 153 153 153 153 153
154 154 154 154 163 163 163 163 160 160 160 160 154 154 154 154 159 159 159 159 154 154 154 154 155 155 155 155 156 156 156 156 153 153 153 153 146 146 146 146 146 146 146 146 149 149 149 149 154 154 154 154 158 158 158 158 152 152 152 152 156 156 156 156 151 151 151 151 143 143 143 143 145 145 145 145 147 147 147 147 148 148 148 148 146 146 146 146 153 153 153 153 153 153
154 154 154 154 163 163 163 163 160 160 160 160 154 154 154 154 159 159 159 159 154 154 154 154 155 155 155 155 156 156 156 156 153 153 153 153 146 146 146 146 146 146 146 146 149 149 149 149 154 154 154 154 158 158 158 158 152 152 152 152 156 156 156 156 151 151 151 151 143 143 143 143 145 145 145 145 147 147 147 147 148 148 148 148 146 146 146 146 153 153 153 153 153 153
154 154 154 154 163 163 163 163 160 160 160 160 154 154 154 154 159 159 159 159 154 154 154 154 155 155 155 155 156 156 156 156 153 153 153 153 146 146 146 146 146 146 146 146 149 149 149 149 154 154 154 154 158 158 158 158 152 152 152 152 156 156 156 156 151 151 151 151 143 143 143 143 145 145 145 145 147 147 147 147 148 148 148 148 146 146 146 146 153 153 153 153 153 153
155 155 155 155 154 154 154 154 158 158 158 158 158 158 158 158 151 151 151 151 151 151 151 151 156 156 156 156 156 156 156 156 152 152 152 152 146 146 146 146 153 153 153 153 151 151 151 151 154 154 154 154 154 154 154 154 157 157 157 157 162 162 162 162 158 158 158 158 145 145 145 145 143 143 143 143 147 147 147 147 144 144 144 144 146 146 146 146 146 146 146 146 149 149
155 155 155 155 154 154 154 154 158 158 158 158 158 158 158 158 151 151 151 151 151 151 151 151 156 156 156 156 156 156 156 156 152 152 152 152 146 146 146 146 153 153 153 153 151 151 151 151 154 154 154 154 154 154 154 154 157 157 157 157 162 162 162 162 158 158 158 158 145 145 145 145 143 143 143 143 147 147 147 147 144 144 144 144 146 146 146 146 146 146 146 146 149 149
155 155 155 155 154 154 154 154 158 158 158 158 158 158 158 158 151 151 151 151 151 151 151 151 156 156 156 156 156 156 156 156 152 152 152 152 146 146 146 146 153 153 153 153 151 151 151 151 154 154 154 154 154 154 154 154 157 157 157 157 162 162 162 162 158 158 158 158 145 145 145 145 143 143 143 143 147 147 147 147 144 144 144 144 146 146 146 146 146 146 146 146 149 149
155 155 155 155 154 154 154 154 158 158 158 158 158 158 158 158 151 151 151 151 151 151 151 151 156 156 156 156 156 156 156 156 152 152 152 152 146 146 146 146 153 153 153 153 151 151 151 151 154 154 154 154 154 154 154 154 157 157 157 157 162 162 162 162 158 158 158 158 145 145 145 145 143 143 143 143 147 147 147 147 144 144 144 144 146 146 146 146 146 146 146 146 149 149
151 151 151 151 156 156 156 156 156 156 156 156 151 151 151 151 156 156 156 156 150 150 150 150 150 150 150 150 153 153 153 153 149 149 149 149 153 153 153 153 150 150 150 150 156 156 156 156 156 156 156 156 156 156 156 156 158 158 158 158 155 155 155 155 153 153 153 153 143 143 143 143 145 145 145 145 148 148 148 148 147 147 147 147 146 146 146 146 148 148 148 148 147 147
151 151 151 151 156 156 156 156 156 156 156 156 151 151 151 151 156 156 156 156 150 150 150 150 150 150 150 150 153 153 153 153 149 149 149 149 153 153 153 153 150 150 150 150 156 156 156 156 156 156 156 156 156 156 156 156 158 158 158 158 155 155 155 155 153 153 153 153 143 143 143 143 145 145 145 145 148 148 148 148 147 147 147 147 146 146 146 146 148 148 148 148 147 147
151 151 151 151 156 156 156 156 156 156 156 156 151 151 151 151 156 156 156 156 150 150 150 150 150 150 150 150 153 153 153 153 149 149 149 149 153 153 153 153 150 150 150 150 156 156 156 156 156 156 156 156 156 156 156 156 158 158 158 158 155 155 155 155 153 153 153 153 143 143 143 143 145 145 145 145 148 148 148 148 147 147 147 147 146 146 146 146 148 148 148 148 147 147
151 151 151 151 156 156 156 156 156 156 156 156 151 151 151 151 156 156 156 156 150 150 150 150 150 150 150 150 153 153 153 153 149 149 149 149 153 153 153 153 150 150 150 150 156 156 156 156 156 156 156 156 156 156 156 156 158 158 158 158 155 155 155 155 153 153 153 153 143 143 143 143 145 145 145 145 148 148 148 148 147 147 147 147 146 146 146 146 148 148 148 148 147 147
150 150 150 150 150 150 150 150 150 150 150 150 156 156 156 156 150 150 150 150 153 153 153 153 149 149 149 149 148 148 148 148 146 146 146 146 150 150 150 150 150 150 150 150 153 153 153 153 155 155 155 155 146 146 146 146 146 146 146 146 146 146 146 146 148 148 148 148 145 145 145 145 145 145 145 145 148 148 148 148 152 152 152 152 149 149 149 149 148 148 148 148 144 144
150 150 150 150 150 150 150 150 150 150 150 150 156 156 156 156 150 150 150 150 153 153 153 153 149 149 149 149 148 148 148 148 146 146 146 146 150 150 150 150 150 150 150 150 153 153 153 153 155 155 155 155 146 146 146 146 146 146 146 146 146 146 146 146 148 148 148 148 145 145 145 145 145 145 145 145 148 148 148 148 152 152 152 152 149 149 149 149 148 148 148 148 144 144
150 150 150 150 150 150 150 150 150 150 150 150 156 156 156 156 150 150 150 150 153 153 153 153 149 149 149 149 148 148 148 148 146 146 146 146 150 150 150 150 150 150 150 150 153 153 153 153 155 155 155 155 146 146 146 146 146 146 146 146 146 146 146 146 148 148 148 148 145 145 145 145 145 145 145 145 148 148 148 148 152 152 152 152 149 149 149 149 148 148 148 148 144 144
150 150 150 150 150 150 150 150 150 150 150 150 156 156 156 156 150 150 150 150 153 153 153 153 149 149 149 149 148 148 148 148 146 146 146 146 150 150 150 150 150 150 150 150 153 153 153 153 155 155 155 155 146 146 146 146 146 146 146 146 146 146 146 146 148 148 148 148 145 145 145 145 145 145 145 145 148 148 148 148 152 152 152 152 149 149 149 149 148 148 148 148 144 144
149 149 149 149 149 149 149 149 153 153 153 153 152 152 152 152 147 147 147 147 144 144 144 144 144 144 144 144 148 148 148 148 146 146 146 146 153 153 153 153 153 153 153 153 147 147 147 147 146 146 146 146 148 148 148 148 145 145 145 145 145 145 145 145 140 140 140 140 137 137 137 137 138 138 138 138 148 148 148 148 153 153 153 153 149 149 149 149 144 144 144 144 143 143
149 149 149 149 149 149 149 149 153 153 153 153 152 152 152 152 147 147 147 147 144 144 144 144 144 144 144 144 148 148 148 148 146 146 146 146 153 153 153 153 153 153 153 153 147 147 147 147 146 146 146 146 148 148 148 148 145 145 145 145 145 145 145 145 140 140 140 140 137 137 137 137 138 138 138 138 148 148 148 148 153 153 153 153 149 149 149 149 144 144 144 144 143 143
149 149 149 149 149 149 149 149 153 153 153 153 152 152 152 152 147 147 147 147 144 144 144 144 144 144 144 144 148 148 148 148 146 146 146 146 153 153 153 153 153 153 153 153 147 147 147 147 146 146 146 146 148 148 148 148 145 145 145 145 145 145 145 145 140 140 140 140 137 137 137 137 138 138 138 138 148 148 148 148 153 153 153 153 149 149 149 149 144 144 144 144 143 143
149 149 149 149 149 149 149 149 153 153 153 153 152 152 152 152 147 147 147 147 144 144 144 144 144 144 144 144 148 148 148 148 146 146 146 146 153 153 153 153 153 153 153 153 147 147 147 147 146 146 146 146 148 148 148 148 145 145 145 145 145 145 145 145 140 140 140 140 137 137 137 137 138 138 138 138 148 148 148 148 153 153 153 153 149 149 149 149 144 144 144 144 143 143
148 148 148 148 147 147 147 147 146 146 146 146 147 147 147 147 144 144 144 144 141 141 141 141 143 143 143 143 147 147 147 147 148 148 148 148 148 148 148 148 148 148 148 148 142 142 142 142 145 145 145 145 140 140 140 140 136 136 136 136 136 136 136 136 129 129 129 129 129 129 129 129 141 141 141 141 144 144 144 144 148 148 148 148 144 144 144 144 143 143 143 143 141 141
148 148 148 148 147 147 147 147 146 146 146 146 147 147 147 147 144 144 144 144 141 141 141 141 143 143 143 143 147 147 147 147 148 148 148 148 148 148 148 148 148 148 148 148 142 142 142 142 145 145 145 145 140 140 140 140 136 136 136 136 136 136 136 136 129 129 129 129 129 129 129 129 141 141 141 141 144 144 144 144 148 148 148 148 144 144 144 144 143 143 143 143 141 141
148 148 148 148 147 147 147 147 146 146 146 146 147 147 147 147 144 144 144 144 141 141 141 141 143 143 143 143 147 147 147 147 148 148 148 148 148 148 148 148 148 148 148 148 142 142 142 142 145 145 145 145 140 140 140 140 136 136 136 136 136 136 136 136 129 129 129 129 129 129 129 129 141 141 141 141 144 144 144 144 148 148 148 148 144 144 144 144 143 143 143 143 141 141
148 148 148 148 147 147 147 147 146 146 146 146 147 147 147 147 144 144 144 144 141 141 141 141 143 143 143 143 147 147 147 147 148 148 148 148 148 148 148 148 148 148 148 148 142 142 142 142 145 145 145 145 140 140 140 140 136 136 136 136 136 136 136 136 129 129 129 129 129 129 129 129 141 141 141 141 144 144 144 144 148 148 148 148 144 144 144 144 143 143 143 143 141 141
148 148 148 148 148 148 148 148 148 148 148 148 143 143 143 143 139 139 139 139 134 134 134 134 138 138 138 138 145 145 145 145 145 145 145 145 141 141 141 141 138 138 138 138 140 140 140 140 129 129 129 129 136 136 136 136 135 135 135 135 140 140 140 140 140 140 140 140 137 137 137 137 137 137 137 137 140 140 140 140 138 138 138 138 134 134 134 134 134 134 134 134 138 138
148 148 148 148 148 148 148 148 148 148 148 148 143 143 143 143 139 139 139 139 134 134 134 134 138 138 138 138 145 145 145 145 145 145 145 145 141 141 141 141 138 138 138 138 140 140 140 140 129 129 129 129 136 136 136 136 135 135 135 135 140 140 140 140 140 140 140 140 137 137 137 137 137 137 137 137 140 140 140 140 138 138 138 138 134 134 134 134 134 134 134 134 138 138
148 148 148 148 148 148 148 148 148 148 148 148 143 143 143 143 139 139 139 139 134 134 134 134 138 138 138 138 145 145 145 145 145 145 145 145 141 141 141 141 138 138 138 138 140 140 140 140 129 129 129 129 136 136 136 136 135 135 135 135 140 140 140 140 140 140 140 140 137 137 137 137 137 137 137 137 140 140 140 140 138 138 138 138 134 134 134 134 134 134 134 134 138 138
148 148 148 148 148 148 148 148 148 148 148 148 143 143 143 143 139 139 139 139 134 134 134 134 138 138 138 138 145 145 145 145 145 145 145 145 141 141 141 141 138 138 138 138 140 140 140 140 129 129 129 129 136 136 136 136 135 135 135 135 140 140 140 140 140 140 140 140 137 137 137 137 137 137 137 137 140 140 140 140 138 138 138 138 134 134 134 134 134 134 134 134 138 138
148 148 148 148 144 144 144 144 143 143 143 143 145 145 145 145 145 145 145 145 138 138 138 138 140 140 140 140 140 140 140 140 140 140 140 140 140 140 140 140 134 134 134 134 137 137 137 137 136 136 136 136 135 135 135 135 140 140 140 140 141 141 141 141 141 141 141 141 138 138 138 138 134 134 134 134 134 134 134 134 134 134 134 134 138 138 138 138 141 141 141 141 145 145
148 148 148 148 144 144 144 144 143 143 143 143 145 145 145 145 145 145 145 145 138 138 138 138 140 140 140 140 140 140 140 140 140 140 140 140 140 140 140 140 134 134 134 134 137 137 137 137 136 136 136 136 135 135 135 135 140 140 140 140 141 141 141 141 141 141 141 141 138 138 138 138 134 134 134 134 134 134 134 134 134 134 134 134 138 138 138 138 141 141 141 141 145 145
148 148 148 148 144 144 144 144 143 143 143 143 145 145 145 145 145 145 145 145 138 138 138 138 140 140 140 140 140 140 140 140 140 140 140 140 140 140 140 140 134 134 134 134 137 137 137 137 136 136 136 136 135 135 135 135 140 140 140 140 141 141 141 141 141 141 141 141 138 138 138 138 134 134 134 134 134 134 134 134 134 134 134 134 138 138 138 138 141 141 141 141 145 145
148 148 148 148 144 144 144 144 143 143 143 143 145 145 145 145 145 145 145 145 138 138 138 138 140 140 140 140 140 140 140 140 140 140 140 140 140 140 140 140 134 134 134 134 137 137 137 137 136 136 136 136 135 135 135 135 140 140 140 140 141 141 141 141 141 141 141 141 138 138 138 138 134 134 134 134 134 134 134 134 134 134 134 134 138 138 138 138 141 141 141 141 145 145
144 144 144 144 144 144 144 144 148 148 148 148 148 148 148 148 148 148 148 148 142 142 142 142 134 134 134 134 129 129 129 129 129 129 129 129 129 129 129 129 140 140 140 140 129 129 129 129 135 135 135 135 135 135 135 135 141 141 141 141 145 145 145 145 145 145 145 145 142 142 142 142 145 145 145 145 142 142 142 142 142 142 142 142 143 143 143 143 144 144 144 144 144 144
144 144 144 144 144 144 144 144 148 148 148 148 148 148 148 148 148 148 148 148 142 142 142 142 134 134 134 134 129 129 129 129 129 129 129 129 129 129 129 129 140 140 140 140 129 129 129 129 135 135 135 135 135 135 135 135 141 141 141 141 145 145 145 145 145 145 145 145 142 142 142 142 145 145 145 145 142 142 142 142 142 142 142 142 143 143 143 143 144 144 144 144 144 144
144 144 144 144 144 144 144 144 148 148 148 148 148 148 148 148 148 148 148 148 142 142 142 142 134 134 134 134 129 129 129 129 129 129 129 129 129 129 129 129 140 140 140 140 129 129 129 129 135 135 135 135 135 135 135 135 141 141 141 141 145 145 145 145 145 145 145 145 142 142 142 142 145 145 145 145 142 142 142 142 142 142 142 142 143 143 143 143 144 144 144 144 144 144
144 144 144 144 144 144 144 144 148 148 148 148 148 148 148 148 148 148 148 148 142 142 142 142 134 134 134 134 129 129 129 129 129 129 129 129 129 129 129 129 140 140 140 140 129 129 129 129 135 135 135 135 135 135 135 135 141 141 141 141 145 145 145 145 145 145 145 145 142 142 142 142 145 145 145 145 142 142 142 142 142 142 142 142 143 143 143 143 144 144 144 144 144 144
144 144 144 144 146 146 146 146 146 146 146 146 146 146 146 146 146 146 146 146 144 144 144 144 141 141 141 141 129 129 129 129 136 136 136 136 137 137 137 137 129 129 129 129 132 132 132 132 132 132 132 132 140 140 140 140 139 139 139 139 143 143 143 143 144 144 144 144 144 144 144 144 144 144 144 144 148 148 148 148 148 148 148 148 148 148 148 148 148 148 148 148 146 146
