EU_data/Madrid/madrid_elevation.asc
ncols         400
nrows         400
xllcorner     3111250
yllcorner     1981250
cellsize      250
NODATA_value  -9999
[rows 126 to 167 of 400, columns 0 to 93 of 400]
144 144 144 144 144 144 145 145 145 145 148 148 148 148 146 146 146 146 153 153 153 153 146 146 146 146 152 152 152 152 156 156 156 156 154 154 154 154 163 163 163 163 156 156 156 156 152 152 152 152 157 157 157 157 164 164 164 164 168 168 168 168 167 167 167 167 161 161 161 161 160 160 160 160 163 163 163 163 165 165 165 165 157 157 157 157 156 156 156 156 153 153 153 153
142 142 145 145 145 145 145 145 145 145 144 144 144 144 146 146 146 146 156 156 156 156 146 146 146 146 149 149 149 149 148 148 148 148 156 156 156 156 156 156 156 156 146 146 146 146 152 152 152 152 157 157 157 157 161 161 161 161 161 161 161 161 159 159 159 159 155 155 155 155 151 151 151 151 155 155 155 155 161 161 161 161 154 154 154 154 150 150 150 150 149 149 149 149
142 142 145 145 145 145 145 145 145 145 144 144 144 144 146 146 146 146 156 156 156 156 146 146 146 146 149 149 149 149 148 148 148 148 156 156 156 156 156 156 156 156 146 146 146 146 152 152 152 152 157 157 157 157 161 161 161 161 161 161 161 161 159 159 159 159 155 155 155 155 151 151 151 151 155 155 155 155 161 161 161 161 154 154 154 154 150 150 150 150 149 149 149 149
142 142 145 145 145 145 145 145 145 145 144 144 144 144 146 146 146 146 156 156 156 156 146 146 146 146 149 149 149 149 148 148 148 148 156 156 156 156 156 156 156 156 146 146 146 146 152 152 152 152 157 157 157 157 161 161 161 161 161 161 161 161 159 159 159 159 155 155 155 155 151 151 151 151 155 155 155 155 161 161 161 161 154 154 154 154 150 150 150 150 149 149 149 149
142 142 145 145 145 145 145 145 145 145 144 144 144 144 146 146 146 146 156 156 156 156 146 146 146 146 149 149 149 149 148 148 148 148 156 156 156 156 156 156 156 156 146 146 146 146 152 152 152 152 157 157 157 157 161 161 161 161 161 161 161 161 159 159 159 159 155 155 155 155 151 151 151 151 155 155 155 155 161 161 161 161 154 154 154 154 150 150 150 150 149 149 149 149
141 141 139 139 139 139 140 140 140 140 142 142 142 142 146 146 146 146 153 153 153 153 146 146 146 146 146 146 146 146 144 144 144 144 146 146 146 146 148 148 148 148 148 148 148 148 149 149 149 149 156 156 156 156 150 150 150 150 151 151 151 151 156 156 156 156 152 152 152 152 150 150 150 150 156 156 156 156 156 156 156 156 156 156 156 156 153 153 153 153 149 149 149 149
141 141 139 139 139 139 140 140 140 140 142 142 142 142 146 146 146 146 153 153 153 153 146 146 146 146 146 146 146 146 144 144 144 144 146 146 146 146 148 148 148 148 148 148 148 148 149 149 149 149 156 156 156 156 150 150 150 150 151 151 151 151 156 156 156 156 152 152 152 152 150 150 150 150 156 156 156 156 156 156 156 156 156 156 156 156 153 153 153 153 149 149 149 149
141 141 139 139 139 139 140 140 140 140 142 142 142 142 146 146 146 146 153 153 153 153 146 146 146 146 146 146 146 146 144 144 144 144 146 146 146 146 148 148 148 148 148 148 148 148 149 149 149 149 156 156 156 156 150 150 150 150 151 151 151 151 156 156 156 156 152 152 152 152 150 150 150 150 156 156 156 156 156 156 156 156 156 156 156 156 153 153 153 153 149 149 149 149
141 141 139 139 139 139 140 140 140 140 142 142 142 142 146 146 146 146 153 153 153 153 146 146 146 146 146 146 146 146 144 144 144 144 146 146 146 146 148 148 148 148 148 148 148 148 149 149 149 149 156 156 156 156 150 150 150 150 151 151 151 151 156 156 156 156 152 152 152 152 150 150 150 150 156 156 156 156 156 156 156 156 156 156 156 156 153 153 153 153 149 149 149 149
134 134 140 140 140 140 140 140 140 140 143 143 143 143 146 146 146 146 143 143 143 143 148 148 148 148 145 145 145 145 143 143 143 143 144 144 144 144 148 148 148 148 146 146 146 146 146 146 146 146 146 146 146 146 153 153 153 153 158 158 158 158 152 152 152 152 153 153 153 153 153 153 153 153 152 152 152 152 153 153 153 153 152 152 152 152 153 153 153 153 146 146 146 146
134 134 140 140 140 140 140 140 140 140 143 143 143 143 146 146 146 146 143 143 143 143 148 148 148 148 145 145 145 145 143 143 143 143 144 144 144 144 148 148 148 148 146 146 146 146 146 146 146 146 146 146 146 146 153 153 153 153 158 158 158 158 152 152 152 152 153 153 153 153 153 153 153 153 152 152 152 152 153 153 153 153 152 152 152 152 153 153 153 153 146 146 146 146
134 134 140 140 140 140 140 140 140 140 143 143 143 143 146 146 146 146 143 143 143 143 148 148 148 148 145 145 145 145 143 143 143 143 144 144 144 144 148 148 148 148 146 146 146 146 146 146 146 146 146 146 146 146 153 153 153 153 158 158 158 158 152 152 152 152 153 153 153 153 153 153 153 153 152 152 152 152 153 153 153 153 152 152 152 152 153 153 153 153 146 146 146 146
134 134 140 140 140 140 140 140 140 140 143 143 143 143 146 146 146 146 143 143 143 143 148 148 148 148 145 145 145 145 143 143 143 143 144 144 144 144 148 148 148 148 146 146 146 146 146 146 146 146 146 146 146 146 153 153 153 153 158 158 158 158 152 152 152 152 153 153 153 153 153 153 153 153 152 152 152 152 153 153 153 153 152 152 152 152 153 153 153 153 146 146 146 146
129 129 135 135 135 135 134 134 134 134 142 142 142 142 148 148 148 148 145 145 145 145 141 141 141 141 138 138 138 138 145 145 145 145 147 147 147 147 153 153 153 153 150 150 150 150 146 146 146 146 146 146 146 146 158 158 158 158 154 154 154 154 152 152 152 152 146 146 146 146 146 146 146 146 149 149 149 149 149 149 149 149 146 146 146 146 149 149 149 149 146 146 146 146
129 129 135 135 135 135 134 134 134 134 142 142 142 142 148 148 148 148 145 145 145 145 141 141 141 141 138 138 138 138 145 145 145 145 147 147 147 147 153 153 153 153 150 150 150 150 146 146 146 146 146 146 146 146 158 158 158 158 154 154 154 154 152 152 152 152 146 146 146 146 146 146 146 146 149 149 149 149 149 149 149 149 146 146 146 146 149 149 149 149 146 146 146 146
129 129 135 135 135 135 134 134 134 134 142 142 142 142 148 148 148 148 145 145 145 145 141 141 141 141 138 138 138 138 145 145 145 145 147 147 147 147 153 153 153 153 150 150 150 150 146 146 146 146 146 146 146 146 158 158 158 158 154 154 154 154 152 152 152 152 146 146 146 146 146 146 146 146 149 149 149 149 149 149 149 149 146 146 146 146 149 149 149 149 146 146 146 146
129 129 135 135 135 135 134 134 134 134 142 142 142 142 148 148 148 148 145 145 145 145 141 141 141 141 138 138 138 138 145 145 145 145 147 147 147 147 153 153 153 153 150 150 150 150 146 146 146 146 146 146 146 146 158 158 158 158 154 154 154 154 152 152 152 152 146 146 146 146 146 146 146 146 149 149 149 149 149 149 149 149 146 146 146 146 149 149 149 149 146 146 146 146
131 131 136 136 136 136 140 140 140 140 145 145 145 145 142 142 142 142 140 140 140 140 140 140 140 140 145 145 145 145 146 146 146 146 152 152 152 152 152 152 152 152 146 146 146 146 147 147 147 147 150 150 150 150 157 157 157 157 156 156 156 156 156 156 156 156 152 152 152 152 146 146 146 146 147 147 147 147 146 146 146 146 147 147 147 147 148 148 148 148 146 146 146 146
131 131 136 136 136 136 140 140 140 140 145 145 145 145 142 142 142 142 140 140 140 140 140 140 140 140 145 145 145 145 146 146 146 146 152 152 152 152 152 152 152 152 146 146 146 146 147 147 147 147 150 150 150 150 157 157 157 157 156 156 156 156 156 156 156 156 152 152 152 152 146 146 146 146 147 147 147 147 146 146 146 146 147 147 147 147 148 148 148 148 146 146 146 146
131 131 136 136 136 136 140 140 140 140 145 145 145 145 142 142 142 142 140 140 140 140 140 140 140 140 145 145 145 145 146 146 146 146 152 152 152 152 152 152 152 152 146 146 146 146 147 147 147 147 150 150 150 150 157 157 157 157 156 156 156 156 156 156 156 156 152 152 152 152 146 146 146 146 147 147 147 147 146 146 146 146 147 147 147 147 148 148 148 148 146 146 146 146
131 131 136 136 136 136 140 140 140 140 145 145 145 145 142 142 142 142 140 140 140 140 140 140 140 140 145 145 145 145 146 146 146 146 152 152 152 152 152 152 152 152 146 146 146 146 147 147 147 147 150 150 150 150 157 157 157 157 156 156 156 156 156 156 156 156 152 152 152 152 146 146 146 146 147 147 147 147 146 146 146 146 147 147 147 147 148 148 148 148 146 146 146 146
131 131 135 135 135 135 136 136 136 136 137 137 137 137 140 140 140 140 136 136 136 136 134 134 134 134 142 142 142 142 153 153 153 153 149 149 149 149 148 148 148 148 144 144 144 144 153 153 153 153 154 154 154 154 156 156 156 156 152 152 152 152 152 152 152 152 153 153 153 153 149 149 149 149 148 148 148 148 147 147 147 147 148 148 148 148 144 144 144 144 148 148 148 148
131 131 135 135 135 135 136 136 136 136 137 137 137 137 140 140 140 140 136 136 136 136 134 134 134 134 142 142 142 142 153 153 153 153 149 149 149 149 148 148 148 148 144 144 144 144 153 153 153 153 154 154 154 154 156 156 156 156 152 152 152 152 152 152 152 152 153 153 153 153 149 149 149 149 148 148 148 148 147 147 147 147 148 148 148 148 144 144 144 144 148 148 148 148
131 131 135 135 135 135 136 136 136 136 137 137 137 137 140 140 140 140 136 136 136 136 134 134 134 134 142 142 142 142 153 153 153 153 149 149 149 149 148 148 148 148 144 144 144 144 153 153 153 153 154 154 154 154 156 156 156 156 152 152 152 152 152 152 152 152 153 153 153 153 149 149 149 149 148 148 148 148 147 147 147 147 148 148 148 148 144 144 144 144 148 148 148 148
131 131 135 135 135 135 136 136 136 136 137 137 137 137 140 140 140 140 136 136 136 136 134 134 134 134 142 142 142 142 153 153 153 153 149 149 149 149 148 148 148 148 144 144 144 144 153 153 153 153 154 154 154 154 156 156 156 156 152 152 152 152 152 152 152 152 153 153 153 153 149 149 149 149 148 148 148 148 147 147 147 147 148 148 148 148 144 144 144 144 148 148 148 148
131 131 131 131 131 131 131 131 131 131 135 135 135 135 135 135 135 135 136 136 136 136 137 137 137 137 139 139 139 139 142 142 142 142 144 144 144 144 144 144 144 144 153 153 153 153 156 156 156 156 150 150 150 150 148 148 148 148 146 146 146 146 148 148 148 148 146 146 146 146 146 146 146 146 146 146 146 146 144 144 144 144 144 144 144 144 142 142 142 142 143 143 143 143
131 131 131 131 131 131 131 131 131 131 135 135 135 135 135 135 135 135 136 136 136 136 137 137 137 137 139 139 139 139 142 142 142 142 144 144 144 144 144 144 144 144 153 153 153 153 156 156 156 156 150 150 150 150 148 148 148 148 146 146 146 146 148 148 148 148 146 146 146 146 146 146 146 146 146 146 146 146 144 144 144 144 144 144 144 144 142 142 142 142 143 143 143 143
131 131 131 131 131 131 131 131 131 131 135 135 135 135 135 135 135 135 136 136 136 136 137 137 137 137 139 139 139 139 142 142 142 142 144 144 144 144 144 144 144 144 153 153 153 153 156 156 156 156 150 150 150 150 148 148 148 148 146 146 146 146 148 148 148 148 146 146 146 146 146 146 146 146 146 146 146 146 144 144 144 144 144 144 144 144 142 142 142 142 143 143 143 143
131 131 131 131 131 131 131 131 131 131 135 135 135 135 135 135 135 135 136 136 136 136 137 137 137 137 139 139 139 139 142 142 142 142 144 144 144 144 144 144 144 144 153 153 153 153 156 156 156 156 150 150 150 150 148 148 148 148 146 146 146 146 148 148 148 148 146 146 146 146 146 146 146 146 146 146 146 146 144 144 144 144 144 144 144 144 142 142 142 142 143 143 143 143
137 137 132 132 132 132 131 131 131 131 129 129 129 129 145 145 145 145 138 138 138 138 141 141 141 141 145 145 145 145 153 153 153 153 153 153 153 153 156 156 156 156 149 149 149 149 144 144 144 144 144 144 144 144 144 144 144 144 144 144 144 144 144 144 144 144 148 148 148 148 146 146 146 146 146 146 146 146 144 144 144 144 143 143 143 143 141 141 141 141 139 139 139 139
137 137 132 132 132 132 131 131 131 131 129 129 129 129 145 145 145 145 138 138 138 138 141 141 141 141 145 145 145 145 153 153 153 153 153 153 153 153 156 156 156 156 149 149 149 149 144 144 144 144 144 144 144 144 144 144 144 144 144 144 144 144 144 144 144 144 148 148 148 148 146 146 146 146 146 146 146 146 144 144 144 144 143 143 143 143 141 141 141 141 139 139 139 139
137 137 132 132 132 132 131 131 131 131 129 129 129 129 145 145 145 145 138 138 138 138 141 141 141 141 145 145 145 145 153 153 153 153 153 153 153 153 156 156 156 156 149 149 149 149 144 144 144 144 144 144 144 144 144 144 144 144 144 144 144 144 144 144 144 144 148 148 148 148 146 146 146 146 146 146 146 146 144 144 144 144 143 143 143 143 141 141 141 141 139 139 139 139
137 137 132 132 132 132 131 131 131 131 129 129 129 129 145 145 145 145 138 138 138 138 141 141 141 141 145 145 145 145 153 153 153 153 153 153 153 153 156 156 156 156 149 149 149 149 144 144 144 144 144 144 144 144 144 144 144 144 144 144 144 144 144 144 144 144 148 148 148 148 146 146 146 146 146 146 146 146 144 144 144 144 143 143 143 143 141 141 141 141 139 139 139 139
140 140 129 129 129 129 130 130 130 130 140 140 140 140 138 138 138 138 140 140 140 140 145 145 145 145 146 146 146 146 151 151 151 151 149 149 149 149 156 156 156 156 143 143 143 143 141 141 141 141 145 145 145 145 148 148 148 148 144 144 144 144 143 143 143 143 142 142 142 142 144 144 144 144 148 148 148 148 144 144 144 144 139 139 139 139 140 140 140 140 134 134 134 134
140 140 129 129 129 129 130 130 130 130 140 140 140 140 138 138 138 138 140 140 140 140 145 145 145 145 146 146 146 146 151 151 151 151 149 149 149 149 156 156 156 156 143 143 143 143 141 141 141 141 145 145 145 145 148 148 148 148 144 144 144 144 143 143 143 143 142 142 142 142 144 144 144 144 148 148 148 148 144 144 144 144 139 139 139 139 140 140 140 140 134 134 134 134
140 140 129 129 129 129 130 130 130 130 140 140 140 140 138 138 138 138 140 140 140 140 145 145 145 145 146 146 146 146 151 151 151 151 149 149 149 149 156 156 156 156 143 143 143 143 141 141 141 141 145 145 145 145 148 148 148 148 144 144 144 144 143 143 143 143 142 142 142 142 144 144 144 144 148 148 148 148 144 144 144 144 139 139 139 139 140 140 140 140 134 134 134 134
140 140 129 129 129 129 130 130 130 130 140 140 140 140 138 138 138 138 140 140 140 140 145 145 145 145 146 146 146 146 151 151 151 151 149 149 149 149 156 156 156 156 143 143 143 143 141 141 141 141 145 145 145 145 148 148 148 148 144 144 144 144 143 143 143 143 142 142 142 142 144 144 144 144 148 148 148 148 144 144 144 144 139 139 139 139 140 140 140 140 134 134 134 134
139 139 139 139 139 139 135 135 135 135 133 133 133 133 131 131 131 131 129 129 129 129 145 145 145 145 153 153 153 153 152 152 152 152 146 146 146 146 144 144 144 144 141 141 141 141 134 134 134 134 145 145 145 145 144 144 144 144 143 143 143 143 145 145 145 145 145 145 145 145 143 143 143 143 144 144 144 144 143 143 143 143 141 141 141 141 137 137 137 137 137 137 137 137
139 139 139 139 139 139 135 135 135 135 133 133 133 133 131 131 131 131 129 129 129 129 145 145 145 145 153 153 153 153 152 152 152 152 146 146 146 146 144 144 144 144 141 141 141 141 134 134 134 134 145 145 145 145 144 144 144 144 143 143 143 143 145 145 145 145 145 145 145 145 143 143 143 143 144 144 144 144 143 143 143 143 141 141 141 141 137 137 137 137 137 137 137 137
139 139 139 139 139 139 135 135 135 135 133 133 133 133 131 131 131 131 129 129 129 129 145 145 145 145 153 153 153 153 152 152 152 152 146 146 146 146 144 144 144 144 141 141 141 141 134 134 134 134 145 145 145 145 144 144 144 144 143 143 143 143 145 145 145 145 145 145 145 145 143 143 143 143 144 144 144 144 143 143 143 143 141 141 141 141 137 137 137 137 137 137 137 137
139 139 139 139 139 139 135 135 135 135 133 133 133 133 131 131 131 131 129 129 129 129 145 145 145 145 153 153 153 153 152 152 152 152 146 146 146 146 144 144 144 144 141 141 141 141 134 134 134 134 145 145 145 145 144 144 144 144 143 143 143 143 145 145 145 145 145 145 145 145 143 143 143 143 144 144 144 144 143 143 143 143 141 141 141 141 137 137 137 137 137 137 137 137
134 134 140 140 140 140 141 141 141 141 133 133 133 133 131 131 131 131 134 134 134 134 148 148 148 148 146 146 146 146 148 148 148 148 142 142 142 142 145 145 145 145 143 143 143 143 134 134 134 134 141 141 141 141 145 145 145 145 142 142 142 142 141 141 141 141 138 138 138 138 144 144 144 144 143 143 143 143 145 145 145 145 134 134 134 134 129 129 129 129 136 136 136 136
