EU_data/Madrid/madrid_slope.asc
ncols         400
nrows         400
xllcorner     3111250
yllcorner     1981250
cellsize      250
NODATA_value  -9999
[rows 270 to 299 of 400, columns 276 to 344 of 400]
0.03953 0.03953 0.16298 0.16298 0.16298 0.16298 0.18028 0.18028 0.18028 0.18028 0.16298 0.16298 0.16298 0.16298 0.17678 0.17678 0.17678 0.17678 0.16008 0.16008 0.16008 0.16008 0.10308 0.10308 0.10308 0.10308 0.15811 0.15811 0.15811 0.15811 0.07906 0.07906 0.07906 0.07906 0.15811 0.15811 0.15811 0.15811 0.03953 0.03953 0.03953 0.03953 0.05 0.05 0.05 0.05 0.07289 0.07289 0.07289 0.07289 0.42757 0.42757 0.42757 0.42757 0.51992 0.51992 0.51992 0.51992 0.1591 0.1591 0.1591 0.1591 0.22638 0.22638 0.22638 0.22638 0.1287 0.1287 0.1287
0.075 0.075 0.125 0.125 0.125 0.125 0.22638 0.22638 0.22638 0.22638 0.08839 0.08839 0.08839 0.08839 0.07289 0.07289 0.07289 0.07289 0.08839 0.08839 0.08839 0.08839 0.125 0.125 0.125 0.125 0.11319 0.11319 0.11319 0.11319 0.16008 0.16008 0.16008 0.16008 0.13463 0.13463 0.13463 0.13463 0.025 0.025 0.025 0.025 0.03953 0.03953 0.03953 0.03953 0.1287 0.1287 0.1287 0.1287 0.37165 0.37165 0.37165 0.37165 0.3881 0.3881 0.3881 0.3881 0.41382 0.41382 0.41382 0.41382 0.33025 0.33025 0.33025 0.33025 0.07289 0.07289 0.07289
0.075 0.075 0.125 0.125 0.125 0.125 0.22638 0.22638 0.22638 0.22638 0.08839 0.08839 0.08839 0.08839 0.07289 0.07289 0.07289 0.07289 0.08839 0.08839 0.08839 0.08839 0.125 0.125 0.125 0.125 0.11319 0.11319 0.11319 0.11319 0.16008 0.16008 0.16008 0.16008 0.13463 0.13463 0.13463 0.13463 0.025 0.025 0.025 0.025 0.03953 0.03953 0.03953 0.03953 0.1287 0.1287 0.1287 0.1287 0.37165 0.37165 0.37165 0.37165 0.3881 0.3881 0.3881 0.3881 0.41382 0.41382 0.41382 0.41382 0.33025 0.33025 0.33025 0.33025 0.07289 0.07289 0.07289
0.075 0.075 0.125 0.125 0.125 0.125 0.22638 0.22638 0.22638 0.22638 0.08839 0.08839 0.08839 0.08839 0.07289 0.07289 0.07289 0.07289 0.08839 0.08839 0.08839 0.08839 0.125 0.125 0.125 0.125 0.11319 0.11319 0.11319 0.11319 0.16008 0.16008 0.16008 0.16008 0.13463 0.13463 0.13463 0.13463 0.025 0.025 0.025 0.025 0.03953 0.03953 0.03953 0.03953 0.1287 0.1287 0.1287 0.1287 0.37165 0.37165 0.37165 0.37165 0.3881 0.3881 0.3881 0.3881 0.41382 0.41382 0.41382 0.41382 0.33025 0.33025 0.33025 0.33025 0.07289 0.07289 0.07289
0.075 0.075 0.125 0.125 0.125 0.125 0.22638 0.22638 0.22638 0.22638 0.08839 0.08839 0.08839 0.08839 0.07289 0.07289 0.07289 0.07289 0.08839 0.08839 0.08839 0.08839 0.125 0.125 0.125 0.125 0.11319 0.11319 0.11319 0.11319 0.16008 0.16008 0.16008 0.16008 0.13463 0.13463 0.13463 0.13463 0.025 0.025 0.025 0.025 0.03953 0.03953 0.03953 0.03953 0.1287 0.1287 0.1287 0.1287 0.37165 0.37165 0.37165 0.37165 0.3881 0.3881 0.3881 0.3881 0.41382 0.41382 0.41382 0.41382 0.33025 0.33025 0.33025 0.33025 0.07289 0.07289 0.07289
0.0952 0.0952 0.06374 0.06374 0.06374 0.06374 0.31275 0.31275 0.31275 0.31275 0.1287 0.1287 0.1287 0.1287 0.12748 0.12748 0.12748 0.12748 0.16677 0.16677 0.16677 0.16677 0.16298 0.16298 0.16298 0.16298 0.13807 0.13807 0.13807 0.13807 0.12374 0.12374 0.12374 0.12374 0.21287 0.21287 0.21287 0.21287 0.37956 0.37956 0.37956 0.37956 0.37956 0.37956 0.37956 0.37956 0.182 0.182 0.182 0.182 0.44721 0.44721 0.44721 0.44721 0.29155 0.29155 0.29155 0.29155 0.16677 0.16677 0.16677 0.16677 0.225 0.225 0.225 0.225 0.18028 0.18028 0.18028
0.0952 0.0952 0.06374 0.06374 0.06374 0.06374 0.31275 0.31275 0.31275 0.31275 0.1287 0.1287 0.1287 0.1287 0.12748 0.12748 0.12748 0.12748 0.16677 0.16677 0.16677 0.16677 0.16298 0.16298 0.16298 0.16298 0.13807 0.13807 0.13807 0.13807 0.12374 0.12374 0.12374 0.12374 0.21287 0.21287 0.21287 0.21287 0.37956 0.37956 0.37956 0.37956 0.37956 0.37956 0.37956 0.37956 0.182 0.182 0.182 0.182 0.44721 0.44721 0.44721 0.44721 0.29155 0.29155 0.29155 0.29155 0.16677 0.16677 0.16677 0.16677 0.225 0.225 0.225 0.225 0.18028 0.18028 0.18028
0.0952 0.0952 0.06374 0.06374 0.06374 0.06374 0.31275 0.31275 0.31275 0.31275 0.1287 0.1287 0.1287 0.1287 0.12748 0.12748 0.12748 0.12748 0.16677 0.16677 0.16677 0.16677 0.16298 0.16298 0.16298 0.16298 0.13807 0.13807 0.13807 0.13807 0.12374 0.12374 0.12374 0.12374 0.21287 0.21287 0.21287 0.21287 0.37956 0.37956 0.37956 0.37956 0.37956 0.37956 0.37956 0.37956 0.182 0.182 0.182 0.182 0.44721 0.44721 0.44721 0.44721 0.29155 0.29155 0.29155 0.29155 0.16677 0.16677 0.16677 0.16677 0.225 0.225 0.225 0.225 0.18028 0.18028 0.18028
0.0952 0.0952 0.06374 0.06374 0.06374 0.06374 0.31275 0.31275 0.31275 0.31275 0.1287 0.1287 0.1287 0.1287 0.12748 0.12748 0.12748 0.12748 0.16677 0.16677 0.16677 0.16677 0.16298 0.16298 0.16298 0.16298 0.13807 0.13807 0.13807 0.13807 0.12374 0.12374 0.12374 0.12374 0.21287 0.21287 0.21287 0.21287 0.37956 0.37956 0.37956 0.37956 0.37956 0.37956 0.37956 0.37956 0.182 0.182 0.182 0.182 0.44721 0.44721 0.44721 0.44721 0.29155 0.29155 0.29155 0.29155 0.16677 0.16677 0.16677 0.16677 0.225 0.225 0.225 0.225 0.18028 0.18028 0.18028
0.19526 0.19526 0.1287 0.1287 0.1287 0.1287 0.26984 0.26984 0.26984 0.26984 0.19526 0.19526 0.19526 0.19526 0.08839 0.08839 0.08839 0.08839 0.16298 0.16298 0.16298 0.16298 0.25495 0.25495 0.25495 0.25495 0.25739 0.25739 0.25739 0.25739 0.15104 0.15104 0.15104 0.15104 0.36056 0.36056 0.36056 0.36056 0.45962 0.45962 0.45962 0.45962 0.53968 0.53968 0.53968 0.53968 0.6255 0.6255 0.6255 0.6255 0.60751 0.60751 0.60751 0.60751 0.36401 0.36401 0.36401 0.36401 0.38931 0.38931 0.38931 0.38931 0.36443 0.36443 0.36443 0.36443 0.182 0.182 0.182
0.19526 0.19526 0.1287 0.1287 0.1287 0.1287 0.26984 0.26984 0.26984 0.26984 0.19526 0.19526 0.19526 0.19526 0.08839 0.08839 0.08839 0.08839 0.16298 0.16298 0.16298 0.16298 0.25495 0.25495 0.25495 0.25495 0.25739 0.25739 0.25739 0.25739 0.15104 0.15104 0.15104 0.15104 0.36056 0.36056 0.36056 0.36056 0.45962 0.45962 0.45962 0.45962 0.53968 0.53968 0.53968 0.53968 0.6255 0.6255 0.6255 0.6255 0.60751 0.60751 0.60751 0.60751 0.36401 0.36401 0.36401 0.36401 0.38931 0.38931 0.38931 0.38931 0.36443 0.36443 0.36443 0.36443 0.182 0.182 0.182
0.19526 0.19526 0.1287 0.1287 0.1287 0.1287 0.26984 0.26984 0.26984 0.26984 0.19526 0.19526 0.19526 0.19526 0.08839 0.08839 0.08839 0.08839 0.16298 0.16298 0.16298 0.16298 0.25495 0.25495 0.25495 0.25495 0.25739 0.25739 0.25739 0.25739 0.15104 0.15104 0.15104 0.15104 0.36056 0.36056 0.36056 0.36056 0.45962 0.45962 0.45962 0.45962 0.53968 0.53968 0.53968 0.53968 0.6255 0.6255 0.6255 0.6255 0.60751 0.60751 0.60751 0.60751 0.36401 0.36401 0.36401 0.36401 0.38931 0.38931 0.38931 0.38931 0.36443 0.36443 0.36443 0.36443 0.182 0.182 0.182
0.19526 0.19526 0.1287 0.1287 0.1287 0.1287 0.26984 0.26984 0.26984 0.26984 0.19526 0.19526 0.19526 0.19526 0.08839 0.08839 0.08839 0.08839 0.16298 0.16298 0.16298 0.16298 0.25495 0.25495 0.25495 0.25495 0.25739 0.25739 0.25739 0.25739 0.15104 0.15104 0.15104 0.15104 0.36056 0.36056 0.36056 0.36056 0.45962 0.45962 0.45962 0.45962 0.53968 0.53968 0.53968 0.53968 0.6255 0.6255 0.6255 0.6255 0.60751 0.60751 0.60751 0.60751 0.36401 0.36401 0.36401 0.36401 0.38931 0.38931 0.38931 0.38931 0.36443 0.36443 0.36443 0.36443 0.182 0.182 0.182
0.1118 0.1118 0.2136 0.2136 0.2136 0.2136 0.19764 0.19764 0.19764 0.19764 0.225 0.225 0.225 0.225 0.14577 0.14577 0.14577 0.14577 0.31869 0.31869 0.31869 0.31869 0.375 0.375 0.375 0.375 0.44335 0.44335 0.44335 0.44335 0.25495 0.25495 0.25495 0.25495 0.38161 0.38161 0.38161 0.38161 0.42019 0.42019 0.42019 0.42019 0.38609 0.38609 0.38609 0.38609 0.52738 0.52738 0.52738 0.52738 0.34324 0.34324 0.34324 0.34324 0.08839 0.08839 0.08839 0.08839 0.06374 0.06374 0.06374 0.06374 0.03536 0.03536 0.03536 0.03536 0.10607 0.10607 0.10607
0.1118 0.1118 0.2136 0.2136 0.2136 0.2136 0.19764 0.19764 0.19764 0.19764 0.225 0.225 0.225 0.225 0.14577 0.14577 0.14577 0.14577 0.31869 0.31869 0.31869 0.31869 0.375 0.375 0.375 0.375 0.44335 0.44335 0.44335 0.44335 0.25495 0.25495 0.25495 0.25495 0.38161 0.38161 0.38161 0.38161 0.42019 0.42019 0.42019 0.42019 0.38609 0.38609 0.38609 0.38609 0.52738 0.52738 0.52738 0.52738 0.34324 0.34324 0.34324 0.34324 0.08839 0.08839 0.08839 0.08839 0.06374 0.06374 0.06374 0.06374 0.03536 0.03536 0.03536 0.03536 0.10607 0.10607 0.10607
0.1118 0.1118 0.2136 0.2136 0.2136 0.2136 0.19764 0.19764 0.19764 0.19764 0.225 0.225 0.225 0.225 0.14577 0.14577 0.14577 0.14577 0.31869 0.31869 0.31869 0.31869 0.375 0.375 0.375 0.375 0.44335 0.44335 0.44335 0.44335 0.25495 0.25495 0.25495 0.25495 0.38161 0.38161 0.38161 0.38161 0.42019 0.42019 0.42019 0.42019 0.38609 0.38609 0.38609 0.38609 0.52738 0.52738 0.52738 0.52738 0.34324 0.34324 0.34324 0.34324 0.08839 0.08839 0.08839 0.08839 0.06374 0.06374 0.06374 0.06374 0.03536 0.03536 0.03536 0.03536 0.10607 0.10607 0.10607
0.1118 0.1118 0.2136 0.2136 0.2136 0.2136 0.19764 0.19764 0.19764 0.19764 0.225 0.225 0.225 0.225 0.14577 0.14577 0.14577 0.14577 0.31869 0.31869 0.31869 0.31869 0.375 0.375 0.375 0.375 0.44335 0.44335 0.44335 0.44335 0.25495 0.25495 0.25495 0.25495 0.38161 0.38161 0.38161 0.38161 0.42019 0.42019 0.42019 0.42019 0.38609 0.38609 0.38609 0.38609 0.52738 0.52738 0.52738 0.52738 0.34324 0.34324 0.34324 0.34324 0.08839 0.08839 0.08839 0.08839 0.06374 0.06374 0.06374 0.06374 0.03536 0.03536 0.03536 0.03536 0.10607 0.10607 0.10607
0.03953 0.03953 0.19121 0.19121 0.19121 0.19121 0.19039 0.19039 0.19039 0.19039 0.33958 0.33958 0.33958 0.33958 0.19764 0.19764 0.19764 0.19764 0.32452 0.32452 0.32452 0.32452 0.24044 0.24044 0.24044 0.24044 0.1741 0.1741 0.1741 0.1741 0.29422 0.29422 0.29422 0.29422 0.354 0.354 0.354 0.354 0.40812 0.40812 0.40812 0.40812 0.25495 0.25495 0.25495 0.25495 0.125 0.125 0.125 0.125 0.10607 0.10607 0.10607 0.10607 0.025 0.025 0.025 0.025 0.01768 0.01768 0.01768 0.01768 0 0 0 0 0 0 0
0.03953 0.03953 0.19121 0.19121 0.19121 0.19121 0.19039 0.19039 0.19039 0.19039 0.33958 0.33958 0.33958 0.33958 0.19764 0.19764 0.19764 0.19764 0.32452 0.32452 0.32452 0.32452 0.24044 0.24044 0.24044 0.24044 0.1741 0.1741 0.1741 0.1741 0.29422 0.29422 0.29422 0.29422 0.354 0.354 0.354 0.354 0.40812 0.40812 0.40812 0.40812 0.25495 0.25495 0.25495 0.25495 0.125 0.125 0.125 0.125 0.10607 0.10607 0.10607 0.10607 0.025 0.025 0.025 0.025 0.01768 0.01768 0.01768 0.01768 0 0 0 0 0 0 0
0.03953 0.03953 0.19121 0.19121 0.19121 0.19121 0.19039 0.19039 0.19039 0.19039 0.33958 0.33958 0.33958 0.33958 0.19764 0.19764 0.19764 0.19764 0.32452 0.32452 0.32452 0.32452 0.24044 0.24044 0.24044 0.24044 0.1741 0.1741 0.1741 0.1741 0.29422 0.29422 0.29422 0.29422 0.354 0.354 0.354 0.354 0.40812 0.40812 0.40812 0.40812 0.25495 0.25495 0.25495 0.25495 0.125 0.125 0.125 0.125 0.10607 0.10607 0.10607 0.10607 0.025 0.025 0.025 0.025 0.01768 0.01768 0.01768 0.01768 0 0 0 0 0 0 0
0.03953 0.03953 0.19121 0.19121 0.19121 0.19121 0.19039 0.19039 0.19039 0.19039 0.33958 0.33958 0.33958 0.33958 0.19764 0.19764 0.19764 0.19764 0.32452 0.32452 0.32452 0.32452 0.24044 0.24044 0.24044 0.24044 0.1741 0.1741 0.1741 0.1741 0.29422 0.29422 0.29422 0.29422 0.354 0.354 0.354 0.354 0.40812 0.40812 0.40812 0.40812 0.25495 0.25495 0.25495 0.25495 0.125 0.125 0.125 0.125 0.10607 0.10607 0.10607 0.10607 0.025 0.025 0.025 0.025 0.01768 0.01768 0.01768 0.01768 0 0 0 0 0 0 0
0.07906 0.07906 0.18792 0.18792 0.18792 0.18792 0.27951 0.27951 0.27951 0.27951 0.34141 0.34141 0.34141 0.34141 0.20156 0.20156 0.20156 0.20156 0.26517 0.26517 0.26517 0.26517 0.14252 0.14252 0.14252 0.14252 0.15811 0.15811 0.15811 0.15811 0.24812 0.24812 0.24812 0.24812 0.13463 0.13463 0.13463 0.13463 0.31474 0.31474 0.31474 0.31474 0.16677 0.16677 0.16677 0.16677 0.11319 0.11319 0.11319 0.11319 0.03536 0.03536 0.03536 0.03536 0.01768 0.01768 0.01768 0.01768 0 0 0 0 0 0 0 0 0 0 0
0.07906 0.07906 0.18792 0.18792 0.18792 0.18792 0.27951 0.27951 0.27951 0.27951 0.34141 0.34141 0.34141 0.34141 0.20156 0.20156 0.20156 0.20156 0.26517 0.26517 0.26517 0.26517 0.14252 0.14252 0.14252 0.14252 0.15811 0.15811 0.15811 0.15811 0.24812 0.24812 0.24812 0.24812 0.13463 0.13463 0.13463 0.13463 0.31474 0.31474 0.31474 0.31474 0.16677 0.16677 0.16677 0.16677 0.11319 0.11319 0.11319 0.11319 0.03536 0.03536 0.03536 0.03536 0.01768 0.01768 0.01768 0.01768 0 0 0 0 0 0 0 0 0 0 0
0.07906 0.07906 0.18792 0.18792 0.18792 0.18792 0.27951 0.27951 0.27951 0.27951 0.34141 0.34141 0.34141 0.34141 0.20156 0.20156 0.20156 0.20156 0.26517 0.26517 0.26517 0.26517 0.14252 0.14252 0.14252 0.14252 0.15811 0.15811 0.15811 0.15811 0.24812 0.24812 0.24812 0.24812 0.13463 0.13463 0.13463 0.13463 0.31474 0.31474 0.31474 0.31474 0.16677 0.16677 0.16677 0.16677 0.11319 0.11319 0.11319 0.11319 0.03536 0.03536 0.03536 0.03536 0.01768 0.01768 0.01768 0.01768 0 0 0 0 0 0 0 0 0 0 0
0.07906 0.07906 0.18792 0.18792 0.18792 0.18792 0.27951 0.27951 0.27951 0.27951 0.34141 0.34141 0.34141 0.34141 0.20156 0.20156 0.20156 0.20156 0.26517 0.26517 0.26517 0.26517 0.14252 0.14252 0.14252 0.14252 0.15811 0.15811 0.15811 0.15811 0.24812 0.24812 0.24812 0.24812 0.13463 0.13463 0.13463 0.13463 0.31474 0.31474 0.31474 0.31474 0.16677 0.16677 0.16677 0.16677 0.11319 0.11319 0.11319 0.11319 0.03536 0.03536 0.03536 0.03536 0.01768 0.01768 0.01768 0.01768 0 0 0 0 0 0 0 0 0 0 0
0.13463 0.13463 0.22981 0.22981 0.22981 0.22981 0.41117 0.41117 0.41117 0.41117 0.26751 0.26751 0.26751 0.26751 0.0559 0.0559 0.0559 0.0559 0.27951 0.27951 0.27951 0.27951 0.06374 0.06374 0.06374 0.06374 0.25125 0.25125 0.25125 0.25125 0.37291 0.37291 0.37291 0.37291 0.18028 0.18028 0.18028 0.18028 0.11859 0.11859 0.11859 0.11859 0.29633 0.29633 0.29633 0.29633 0.06374 0.06374 0.06374 0.06374 0.06374 0.06374 0.06374 0.06374 0.03953 0.03953 0.03953 0.03953 0 0 0 0 0 0 0 0 0 0 0
0.13463 0.13463 0.22981 0.22981 0.22981 0.22981 0.41117 0.41117 0.41117 0.41117 0.26751 0.26751 0.26751 0.26751 0.0559 0.0559 0.0559 0.0559 0.27951 0.27951 0.27951 0.27951 0.06374 0.06374 0.06374 0.06374 0.25125 0.25125 0.25125 0.25125 0.37291 0.37291 0.37291 0.37291 0.18028 0.18028 0.18028 0.18028 0.11859 0.11859 0.11859 0.11859 0.29633 0.29633 0.29633 0.29633 0.06374 0.06374 0.06374 0.06374 0.06374 0.06374 0.06374 0.06374 0.03953 0.03953 0.03953 0.03953 0 0 0 0 0 0 0 0 0 0 0
0.13463 0.13463 0.22981 0.22981 0.22981 0.22981 0.41117 0.41117 0.41117 0.41117 0.26751 0.26751 0.26751 0.26751 0.0559 0.0559 0.0559 0.0559 0.27951 0.27951 0.27951 0.27951 0.06374 0.06374 0.06374 0.06374 0.25125 0.25125 0.25125 0.25125 0.37291 0.37291 0.37291 0.37291 0.18028 0.18028 0.18028 0.18028 0.11859 0.11859 0.11859 0.11859 0.29633 0.29633 0.29633 0.29633 0.06374 0.06374 0.06374 0.06374 0.06374 0.06374 0.06374 0.06374 0.03953 0.03953 0.03953 0.03953 0 0 0 0 0 0 0 0 0 0 0
0.13463 0.13463 0.22981 0.22981 0.22981 0.22981 0.41117 0.41117 0.41117 0.41117 0.26751 0.26751 0.26751 0.26751 0.0559 0.0559 0.0559 0.0559 0.27951 0.27951 0.27951 0.27951 0.06374 0.06374 0.06374 0.06374 0.25125 0.25125 0.25125 0.25125 0.37291 0.37291 0.37291 0.37291 0.18028 0.18028 0.18028 0.18028 0.11859 0.11859 0.11859 0.11859 0.29633 0.29633 0.29633 0.29633 0.06374 0.06374 0.06374 0.06374 0.06374 0.06374 0.06374 0.06374 0.03953 0.03953 0.03953 0.03953 0 0 0 0 0 0 0 0 0 0 0
0.16298 0.16298 0.21506 0.21506 0.21506 0.21506 0.41721 0.41721 0.41721 0.41721 0.15 0.15 0.15 0.15 0.01768 0.01768 0.01768 0.01768 0.36401 0.36401 0.36401 0.36401 0.25 0.25 0.25 0.25 0.24812 0.24812 0.24812 0.24812 0.33773 0.33773 0.33773 0.33773 0.07289 0.07289 0.07289 0.07289 0.10308 0.10308 0.10308 0.10308 0.30873 0.30873 0.30873 0.30873 0.10607 0.10607 0.10607 0.10607 0.11319 0.11319 0.11319 0.11319 0.0559 0.0559 0.0559 0.0559 0.01768 0.01768 0.01768 0.01768 0 0 0 0 0 0 0
